Th1	Th2	Th17	Th0	iTreg
1	0.675309477961548	0.533340135630918	-1.28749303102842	0.606664206641326	-0.527820789205377
GAB2	-0.0300170285770506	0.0969078835858039	0.00689072805834077	-0.0488516293918461	-0.0249299536752478
LIMA1	-0.0188802224645362	0.0249260115224177	0.00228203214461914	-0.00527991571077813	-0.00304790549172248
CREB3L3	-0.0389874799885864	0.00846690428871035	0.00364080086855206	-0.0385349005978701	0.0654146754291941
EVI5	-0.02926501424663	0.00780362340037269	-0.0130458335029653	-0.0615935499591361	0.0961007743083587
ALPK1	0.101797148327991	-0.0729189008164098	0.00149660105981667	-0.0157102042917969	-0.0146646442796013
TBX21	0.0716399573137159	-0.0309255748493509	-0.0381654942863476	-0.00450762487043749	0.00195873669242013
ADD2	-0.032799867882654	-0.0429583238513169	0.0774745529598617	-0.0118649466718087	0.0101485854459181
IL12RB2	0.0347629292099299	-0.0212090873906711	0.00144741254328683	0.00193729202130075	-0.0169385463838464
ADA2	-0.0043696548246374	0.000170368279738993	-0.00487542784785424	0.021813104974901	-0.0127383905821484
CCL22	-0.0280897757929869	0.0505500485427089	-0.0240978907902871	-0.0568790213448177	0.0585166393853827
HOMER2	-0.0846961475787894	0.26793670946166	-0.00756512662979603	-0.0948546850578474	-0.0808207501952277
NCS1	-0.0336430646606673	-0.000266136656227262	0.0377020967463931	-0.0408553634242259	0.0370624679947273
IFNG	0.0711949643918987	-0.0321925464366751	-0.0214327473044095	-0.00123992743063702	-0.0163297432201771
IL18RAP	0.054573583841064	-0.0379216087013244	-0.00902889427343066	-0.0183252465035932	0.0107021656372843
SGK1	0.000696468052102857	-0.000281795243941129	0.000265825646889979	-0.00025242583780685	-0.000428072617244861
PMEPA1	-0.0141032220987724	-0.0119708635175036	0.0116076592508323	-0.00436708706460779	0.0188335134300515
STRIP2	0.00422265021575109	-0.00684377864016726	0.0119753697371257	-0.0126903125345358	0.00333607122182631
AKAP12	-0.0154171876833298	0.0342730353917066	0.000344324272458233	-0.0120135573017037	-0.00718661467913132
NAPSA	-0.0113670640833433	-0.0269518332112529	0.0133554328522462	-0.0577912700499692	0.0827547344923193
JCHAIN	-0.0102992942405451	-0.00156237932502749	0.020311168021707	0.00482611336992689	-0.0132756078260613
CTSL	-0.0301436172784712	-0.0183837047496486	0.0244608154287088	-0.0131846023383963	0.0372511089378075
FOXP4	0.0543202919424493	-0.0210022396215987	-0.00919044141187632	-0.0338379846214267	0.00971037371245244
FGFBP2	-0.000562167829507102	-0.000827512674121496	-0.000489361025292987	0.00261111337952512	-0.000732071850603535
FNBP1L	-0.0109328908934701	-0.00240773946158105	0.00966693848696645	-0.00748699897556631	0.011160690843651
DUSP6	-0.0243274515836958	0.0439034371396532	-0.00244859180094509	-0.0140133317534252	-0.00311406200158712
FBLN5	-0.022812565590078	0.000790016301474972	0.00967436063000132	0.021254082055098	-0.00890589339649634
RNF157	0.0277655100743154	-0.00196218597943755	-0.017989278133375	0.00692736694252475	-0.0147414129040275
GRB7	-0.000572708715495294	-0.000482879351932342	-4.84927064366444e-05	-0.000191179621757331	0.00129526039562161
ATP1B1	-0.00732586775007067	-0.00493797566296243	-0.00121358299752913	-0.0132475065788088	0.0267249329893711
GLT1D1	-0.0247169654102732	-0.0284092713887236	0.0222305850922159	-0.048703730070269	0.0795993817770499
LY96	-0.0355487627683575	-0.0324191469783621	-0.00108954817885583	0.0529864564433868	0.0160710014821886
PIK3AP1	-8.13078080085552e-05	-0.000423892455943136	0.00174525291451259	-0.000217048280251961	-0.00102300437030894
COL6A3	-0.0174440759691216	-0.0306704375779887	0.108239761688113	-0.052963661064446	-0.00716158707655672
INAVA	-0.136392246487009	-0.0520664667988242	0.183338138280387	-0.123088171288815	0.128208746294261
KRTCAP2	0.0224348320078803	0.0169513903937621	0.00911722456727219	-0.0320082164190603	-0.0164952305498543
ILK	0.0124374736626807	0.00952811151693664	0.00416775075740793	-0.0152218430797084	-0.0109114928573169
IL13	-0.0729523686987147	0.0791779382489043	-0.0378240673143744	0.0570396499379374	-0.0254411521737526
GPR183	-0.0241825026093674	0.0043242136867538	0.0014988839291071	0.0108346144010801	0.0075247905924264
PDE7B	-0.0644176780758126	0.0913393367005396	-0.0290140828859887	0.0440644425948454	-0.0419720183335838
CCR9	-0.00819665999500939	-0.0123724535372651	-0.0132302994309111	-0.0239014734298305	0.0577008863930163
KBTBD11	0.00877357037144307	-0.0137381966569802	0.0152230046851742	-0.00098948464799523	-0.00926889375164187
FUT7	0.0521487779196672	-0.0854842588604876	0.0992129809898321	0.0742464063455765	-0.140123906394588
GPR157	-0.0166480066682834	-0.00902979770727584	0.0239727247077487	-0.0164267512836757	0.0181318309514862
NOG	-0.0296536078871714	-0.0225438100173119	0.00890648436198959	0.0401061577669687	0.00318477577552498
TMPRSS6	0.0178633359232611	-0.0397226675646055	0.000273089674285359	-0.113079697424228	0.134665939391288
FHIT	-0.0303398839674257	-0.0199930739264469	-0.00335474722331126	0.0607208159523371	-0.00703311083515315
TMEM229B	-0.0128341268247189	0.00779767293014257	-0.0104287172431197	0.0376133421470022	-0.0221481710093062
ITPRIPL2	0.00826334494782806	0.075614752898432	-0.0213810893715558	-0.0798396960805996	0.0173426876058953
TRBJ2-2P	-0.00813437324666548	-0.00753869757153757	-0.00357379829265811	0.0130012679331281	0.00624560117773308
IGHG1	-0.0247469541301927	0.0131637672579247	0.0678952962079915	-0.017007011714361	-0.0393050976213626
NPM1P24	-0.0129855579476725	-0.00887230874005308	-0.0034686506867929	0.0224994646903297	0.00282705268418887
CEBPD	0.0135839909405348	-0.0121684903848977	0.0164640807042144	-0.004527452838453	-0.0133521284213985
MTND2P28	-0.00927908826763139	-0.0081160806004239	-0.0055563126239791	0.0117728046694648	0.0111786768225696
MIAT	0.0327944674303361	-0.0213973981015037	0.0832969924752453	-0.0577588700979776	-0.0369351917061
MTND1P23	-0.0108407169302697	-0.00917612201716476	-0.00603348277544437	0.0150177586004033	0.0110325631224755
UBXN10-AS1	-0.0218331084187489	-0.0161901611385066	-0.00732409899221009	0.0380086665842821	0.00733870196518343
AL121914.1	-0.00366439904653898	-0.00279620673612456	-0.00141372068198765	0.00626148174293934	0.00161284472171186
MTCO2P12	-0.0113807849257196	-0.00990940976419988	-0.00658465066767709	0.0157424526686531	0.0121323926889435
AC103563.7	-0.0143521281135474	-0.00221578075781564	-0.0048998267306585	0.0189303569147387	0.00253737868728287
AC019205.3	-0.0121772067008962	-0.0104051208402677	-0.00665710013155776	0.0170151876002086	0.012224240072513
LINC01871	-0.0143291585924924	-0.00343525995658175	-0.0136928645546658	0.0423397150608049	-0.0108824319570649
AC099336.2	-0.00716543239161956	-0.00571711240149247	-0.00314658807495697	0.0108099648042435	0.0052191680638255
MTATP8P1	-0.0128596973758826	-0.0107667736747615	-0.00717741071218942	0.0163088117920357	0.0144950699707978
MTND4P12	-0.00910333506870059	-0.00772008498809415	-0.00520077284127733	0.0108273563564644	0.0111968365416077
MTATP6P1	-0.0105525206089044	-0.00768752972775424	-0.00602010486252975	0.0128979624855186	0.0113621927136698
MTND6P4	-0.00150525925895933	-0.00131030181259946	-0.000850854565174803	0.00152550980065856	0.00214090583607504
AC139720.1	-0.00655313369914237	-0.00468987597189541	-0.00142415381952518	0.00842255367556896	0.00424460981499405
AC034199.1	-0.0166160763763803	-0.0138403884448522	-0.00880416512686028	-0.0115711457627895	0.0508317757108821
SIGLEC12	-0.000864796396544922	0.000816034608407993	-0.000495476354222919	-0.000296525094731701	0.000840763237091552
LINC00239	-0.00440004525965284	-0.0036893338039458	0.00207534599427947	0.00371141719620275	0.00230261587311643
MTCO1P40	-0.008196805293361	-0.00701947312447285	-0.00459075817182292	0.00975023570490409	0.0100568008847527
AC004585.1	-0.00513881395969955	-0.00870742579759865	0.00528436272590807	0.0156898514835742	-0.007127974452184
