B Cell	CD4	CD8	Mono	Neu	NK	DC	M1	M2	MQ
1	0.614410920188909	0.223359267735458	0.355281442574903	0.18693229504361	0.334486263412897	0.0888875070773207	0.209936065726962	-0.537804509381088	-1.42145326737235	-0.0540359850066192
HS3ST1	0.0708690073863557	-0.0159934433975361	-0.019096687537262	-0.0220592669519141	-0.0174210345953435	-0.0188624453963753	-0.0138240203309964	-0.0300811147631149	0.0213251571593706	0.0451438484268148
WNT16	0.00908197417313093	-0.00190535290392576	-0.000631101570017454	-0.00140862181206411	-0.00110282432015449	-0.00116720433481441	0.000869828869350489	-0.00101116647934894	-0.00104608973987124	-0.001679441882285
ICA1	-0.0368608080762819	0.0405431580700519	-0.0477968476029126	0.0319380173013706	0.064656144394806	-0.0140371073409775	-0.0271502507131931	-0.0246695553778829	0.00629909965688434	0.00707814968813461
DBNDD1	0.0246413601398367	0.00733011023049493	-0.0047730155591963	-0.00608797833867322	-0.00598078143744263	-0.00642492164966437	-0.00258101354676395	-0.00220533268716033	-0.00150853483868984	-0.00240989231274112
CD38	0.000443471828075572	-0.00164948852951218	-0.00170654924948446	-0.000141583101294965	-0.000654814348435721	0.00292766002428039	-0.000797188520888359	0.00319224621598776	-0.000914678050070184	-0.000699076268657855
SLC22A16	-0.00685799496421742	-0.0158362153489609	-0.0105352705045243	0.279188696388256	-0.0572453664961188	-0.0211014373215515	-0.106770490660875	-0.0532481802233925	-0.00211739911715902	-0.0054763417514523
MEOX1	-0.0279899018305623	0.157154319452137	-0.0164411318845093	-0.0244957278203583	0.0127134193293113	-0.0301918395474712	-0.00995335592188516	-0.0161759645384007	-0.017066536060318	-0.0275532811779441
PRKAR2B	-0.030511135224276	-0.0229526723897376	-0.00581191053409393	0.0361980023747067	-0.0284440100746951	-0.013150053734248	0.0436449905717592	0.00401313430466033	0.0293074598031797	-0.012293805097255
ABCB4	0.0974068104883325	-0.0281116571388856	-0.0256166957720213	-0.0436458429010171	-0.0194289109162792	-0.0185195499499574	0.0399307392441778	-0.0113023141582715	0.0250732636156155	-0.0157858425116931
GAS7	-0.000403075845661138	-0.00210735970702617	0.000590276196894366	0.00169472325688925	0.000509805202891598	0.000706054095504074	0.000541408398327327	-0.000381288606520179	-0.000633645246953768	-0.000516897744345291
MATK	-0.00297117256000418	-0.00311077408171675	0.00528063675625157	-0.00722405854711692	-0.00494791997517932	0.00917254167816335	-0.000493954795499104	0.00281619553385256	0.00256030678170332	-0.0010818007904544
CD79B	0.00799600573397577	0.00079139617010189	-0.00100131662735584	-0.0022274467645973	-0.00586448193152316	-0.000179722812009888	0.0047540274020117	-0.00348328166558731	-0.00111232424028961	0.00032714473527373
SCN4A	0.0323145628900247	-0.00530408065260003	-0.00562895826040148	-0.00377223982532018	-0.00414142278808324	-0.00137518755422174	-0.000567608293045392	-0.00317937633306975	-0.00356643493345517	-0.00477925424982788
TKTL1	-0.0127488796798128	0.0127395413884425	-0.0110597803284261	-0.00762879384861057	0.000248671539467841	0.0503978433394879	-0.00610568258466698	-0.0087844129927244	-0.00579534872801465	-0.011263158105141
PGLYRP1	-0.00605229566821748	-0.00754312245416586	0.00534311181672454	-0.00351323493938596	0.0370681115981455	-0.00650049625258549	-0.00299249370877291	-0.00534880584726128	-0.00481527223732695	-0.00564550230715552
IL32	-0.00900286666442181	0.00774583905059689	0.00795575435803739	-0.0091161781564011	0.00252498961311773	0.00456699690751056	-0.00523305268720303	0.00286166976012259	-0.0023501169513592	4.69647700002597e-05
GIPR	-0.0513884336226312	0.00396882885368514	0.03862024497438	-0.0766904612707021	-0.0304503282938036	0.0593760156156809	0.108052133375194	-0.0190187726299689	-0.00745493967768417	-0.0250142873241512
SEMA3G	-0.00188563642994469	0.0633843010779802	-0.0292012644895387	-0.0075806234976864	-0.0065478653353283	-0.00287769732999139	-0.00288151440940634	-0.00571692353623493	-0.00216124016960648	-0.00453153588024176
STAB1	-0.00400952944225481	-0.00386817395265466	-0.000522560813545061	0.014301843107295	-0.00528613530820162	-0.00497317352550761	-0.000519280844777913	-0.0027161709913131	0.00398649941000468	0.00360668236095495
CD4	-0.036536679699705	0.0441735708140607	-0.037634883730298	0.0226624597004856	-0.00886545792440311	-0.0280015449831619	0.0214884970875573	0.00493843626530396	0.00733161689406955	0.0104439855760928
MRC2	-0.00142862205969571	0.000127456689943642	0.0012205894584863	-0.00167357925686727	-0.000900834912896551	-0.00126827339019656	0.00163903143222855	0.000986179085123833	0.00103504082575335	0.000263012128120493
CD22	0.0499726628500519	-0.0201328081162515	-0.00703052315693314	-0.0236084805339073	-0.000394273096652163	-0.0165707593144704	0.0237310483611811	-0.00188694272027925	-0.00228749602283105	-0.00179242824990942
SEMA3B	-0.0149949686288808	-0.0223172112752402	-0.0070314648687491	-0.0136516585667585	0.0748608850496933	-0.00924670193432247	0.0129798285018338	0.00399414588414011	-0.00449699058682606	-0.0200958635748919
ACPP	-4.61973445110454e-06	-5.85153709060241e-06	-7.50935876668471e-07	4.72525145790925e-06	5.18262571067599e-06	-4.73583380843352e-06	5.39286909067642e-06	3.06749537624352e-06	-2.69067012017159e-06	2.8046971147534e-07
VSIG2	-0.00841420664312976	-0.00842018162936111	-0.00362974792205776	0.0976468780155445	-0.0197613740413934	-0.0142928337218081	-0.0013071856500564	-0.0117020043881639	-0.00789513174623556	-0.0222242122733375
MARCO	-0.0064475765134281	-0.00619906857234929	-0.00340497886490815	0.0208345241545592	-0.010554006650711	-0.00745877173821219	0.00926165949205384	0.00803047949342415	-0.00429755724586664	0.000235296445437614
ADGRA2	-0.00401374538916704	-0.00321739978317351	-0.00447658653069572	0.0215357213335457	-0.0042442514068608	0.00600622942749629	-0.000384620959425037	-0.00318149428605568	-0.00121720208455299	-0.00680665032111121
KCNG1	0.0328575994273099	-0.00440655784941346	-0.00475594908306471	-0.00137275497887258	-0.00411555791128589	-0.00443787715447191	-0.00930360531630318	-0.00143564584794789	-0.00154175017789522	-0.00148790110805489
SLAMF7	-0.0100750700114686	-0.0276671100288272	0.0209180911426673	-0.00852798335208071	0.00235609643190203	0.0168797163008033	0.0172699967666883	0.0092974655631566	-0.0157530621322299	-0.00469814068061062
ARNTL2	0.000261455094349182	-0.0250171719013668	-0.00604896626913335	0.0181387679852116	-0.0145794373753931	-0.0212688421074065	-0.0014719607992011	0.0635326725014153	0.0179685573753728	-0.03151507450385
ANK1	0.0342973424549534	0.0532481692033752	-0.0183142173736581	-0.00569779240855652	-0.0117865305960008	-0.0234254445405064	-0.00651501448158681	-0.00802748616384157	-0.00425026230572957	-0.00952876378844812
DAPK2	0.00022683928573275	-0.00615037847993155	0.00319579598190557	-0.0017282055204857	0.0110766737623308	0.000633569116385276	-0.000990373545547614	-0.00273749208547043	-0.00133255478677676	-0.00219387372814249
STAP1	0.0576744828107713	0.0148630986187639	-0.0367939900775009	-0.0149466691270992	-0.0125397513112773	0.0142279808864847	0.00408509971596868	-0.00907511887066315	-0.00423996687994331	-0.0132551657655056
MYOM2	0.00211573159045127	0.0137776653735826	-0.0330359201169241	-0.00253908767310298	-0.0116665452465073	0.0635185976876773	-0.00738308363171267	-0.00867120773538621	-0.00773898269829798	-0.00837716754978127
FLT4	-0.0183274191968246	0.0166984504889423	0.0713067949960138	-0.0126547070981705	-0.0155429905333719	-0.0331932642828774	-0.00774147560896346	-0.00222630061878218	0.000397911890061564	0.00128299996397445
MSR1	-2.2207469287879e-07	-1.81272447126629e-07	-1.66380791177784e-07	1.79293064008917e-07	-2.52020542068139e-07	-2.23654940719077e-07	1.78768430281545e-07	2.34198915694794e-07	-3.19037435608676e-08	4.85046747546019e-07
CDH1	-0.0394968932561562	-0.031978204412854	0.0717127789297114	-0.129115246879621	0.0197183033996467	-0.0715240204456642	0.251247735169094	-0.0223264849864737	-0.00831118735293546	-0.0399267801647569
ADAM28	0.0513835670922067	-0.0427183333697678	-0.0179872075461482	-0.00352010071171372	0.00287217907675179	0.0113811300915658	-0.0254614661029968	0.0128938109105397	-0.0480290885280877	0.0591855090876505
FOXP3	-0.00166086235811487	0.147204025820308	-0.052170955899509	-0.0157551065578024	-0.0132136545946749	-0.00690219590753694	-0.0332378129721238	-0.00247424664536208	-0.00565303667958888	-0.0161361542055938
DKK3	-0.0122548659814134	-0.0220523433883406	0.145595876259116	-0.00877806602403999	-0.0180996643210599	-0.0313282569240054	-0.0298221201884064	-0.0113607613673143	-0.00447560854113238	-0.00742418952339951
PTGER3	-9.60400581739738e-05	-2.84771177109994e-05	-0.000478212277010899	-0.000134241912355736	-0.000121124662358548	0.00119381510235849	-0.000361499761576874	-0.000150615749537822	0.000120018959338166	5.63774770282214e-05
TNIP3	-0.0107028084318286	0.00277574973414397	0.140581624654569	0.00903241478674166	-0.00718048715368583	-0.0535750842198153	-0.0264144322333685	-0.00546786978912366	-0.0205994259717496	-0.0284496813758819
KCNH2	0.00302856578374089	0.0123236249089195	-0.00445032578215207	-0.000942448179544145	-0.0021557662758215	-0.00169392079601829	-0.00344377711065856	-0.00111462715355903	-0.00110981114752959	-0.000441514247377084
YBX3	0.00115881334894595	-0.00113379640277876	0.000989202153594508	0.00118046025047091	3.23580042410932e-05	-0.000615431797044222	-0.000820169899929288	-0.000386660120260417	0.000185124360416286	-0.000589899897656041
TIE1	-0.0140819060381266	-0.00641630138381162	-0.0317969197662527	-0.0119663767550598	-0.00236676543923764	0.0513414513180535	-0.00528790030324869	0.0279993508564734	-0.00224674343031732	-0.00517788905847152
FSTL3	-0.00148863312062817	0.0101134849775527	-0.00578101155658943	0.0257688794488658	-0.0063284651535044	0.00329319671178934	-0.0101918436505918	0.00424163116340353	-0.00146106459512422	-0.0181661742251735
ST6GALNAC1	-0.0125268888054584	0.16981963869996	-0.0763770203625341	-0.0140169266125307	-0.00555272240709739	-0.00347650569967583	-0.0324273159778889	-0.0101369920800041	-0.0131582204220532	-0.00214704633271654
SPEG	-0.000829908985435353	0.000931048771094008	0.0037005707750898	-0.000517397640266214	-0.000882224446045361	-0.00156162267687503	-0.000877615680413975	-0.000166406427558076	5.03031183661092e-05	0.000153253192044096
IGF2BP2	-0.000960005591862295	-0.000893804378434352	-0.00146744341308026	0.0039860747424744	-0.00149120818160444	0.00115977842933755	-0.00146018773111007	0.00206932646681892	0.00219255240999233	-0.00313508275253176
SEMA3C	-0.0018278636809655	-0.00138689318026747	-0.00237337826763274	0.00342497387640717	0.00328453963014423	0.000278176240234073	-0.00200716973023127	0.00358968568274286	0.00327014120523617	-0.00625221177566751
TIMM21	0.00431105296480059	0.00384701411568866	0.00462012266930857	0.0031899481871821	-0.0108579627176104	0.00263570896998447	-0.0114530947838115	-0.0154315150517182	0.00389596064917209	0.0152427649970039
GPC4	-0.000331649319941711	-0.000598536405626319	-0.000327426793013449	-0.000790049283998575	0.000218549180606501	-0.000510809514178556	-0.000534955546553985	0.00316139175844542	-0.000276110718016	-1.0403357723293e-05
RAP1GAP	-0.00396177585294987	0.00116966228200338	-0.00577782902400736	-0.0102870551864542	0.0303725021819496	-0.0031149481141284	-0.00531480071908773	-0.00210024429254496	0.000203752776039665	-0.00118926405082032
EDN1	0.00101576297935364	-4.00635777626712e-06	-0.000527366618475667	0.0308663511279872	-0.00667007386723083	-0.0111649448416953	-0.0387472765028736	0.135224293823791	-0.0510089607260907	-0.0589837790169883
SLC1A3	-0.00884601169656317	-0.013604579849659	-0.00445219249505763	-0.000896133002665132	-0.000836231086559239	-0.0141686930517284	-0.0145906702156333	0.023452184556804	-0.0134686683132412	0.0474109951543026
IGSF9B	-0.00149969907283032	0.00357278869299923	0.00597808527718591	-0.000781828565033692	-0.00141045190934413	-0.00268302689973348	-0.00197008814071021	-0.000856885812957664	-2.54413387301527e-05	-0.000323452230845429
IL12RB2	-0.00209417821137736	0.00974438430045992	-0.00707716209484557	-0.0020312692991261	-0.00365478682645174	0.0170508881708665	-0.00407740272804283	-0.00253556605971047	-0.00207276678081034	-0.0032521404709619
COL19A1	0.0304447915962763	-0.00416223970321734	-0.00406884940755698	-0.00116302364924552	-0.0031661525008731	-0.00432169398232791	-0.00648681929663968	-0.00221659728833734	-0.0021156652972648	-0.0027437504708137
COBLL1	0.0105070057773674	-0.00165634517842175	-0.00238312750564719	-4.94549468885296e-05	-0.000136313974502244	-0.00101285391063547	-0.00248184221828272	-0.00102100984833219	-0.000411921120237457	-0.00135413707441984
NME8	-0.00142649168207719	-0.00164075296342607	-0.00205555781327003	0.00108195145055595	0.00389447260922687	0.00416331350611162	-0.00139929267206859	-0.00207830144350082	-0.000917540678162914	0.000378199686611273
ADAMTS2	0.00157118028962313	-0.00244081938790855	0.00355193395277195	0.0268417817321159	-0.00808202405577585	-0.0031499074318867	-0.00495482519319753	0.00103488453353643	-0.0027760764602323	-0.0115961279790471
SIRPG	-0.0106170017796124	0.0295365219680258	0.0371734681299362	-0.0054561939266183	-0.00845481549718599	-0.0190026660900921	-0.00854059757064136	-0.00718173017872784	-0.00359175672622055	-0.00386522832886311
P2RX7	-0.000346848989742695	8.15641785452314e-05	-0.000401781424667948	0.0010074855523832	-0.00152048958488956	0.000835762652212209	-0.00138577980592197	0.00156352254088922	-0.00160146812044147	0.00176803300163375
LAG3	-0.00915572124455402	-0.00102343954987573	0.0379725070634648	-0.00521651051935108	-0.00381648450219523	-0.00644874363069098	-0.00990071022787064	0.00816349687850844	-0.00326842361469211	-0.00730597065274327
NRCAM	0.00230349407802996	-0.0086816384018199	0.042020906755262	-0.00332738535066132	-0.00552128903625999	-0.0140533799574527	-0.0111141113334508	-0.00227197237630394	-0.00043031649199483	0.00107569211465131
PHGDH	0.00277370251575463	0.00270296734094986	0.0430736584471531	-0.00514439482290877	-0.0271676583413603	-0.0159981048244497	-0.0224157030441561	0.0573142204714861	-0.023399975112225	-0.0117387126302436
BLNK	0.000470630524944708	-9.39348356328086e-05	-8.61718656366745e-05	1.02737949358348e-05	-0.000117132373075085	-0.000125070579265775	-0.000145818893168753	-0.000122902697341472	2.31014358534332e-05	0.000187025488386597
TREM2	-0.00379765860800238	-0.000440157626126377	-0.000210636622041277	-0.0102474417343951	-0.00375247480341446	-0.00675133840537296	-0.00619327993612283	-8.89337483154591e-05	0.0115301436020824	0.0199517778817085
TIMP3	0.00234272088725227	0.00124056264906866	0.000841954253375153	-0.000921295431615433	-0.000614837684561821	-0.00170645672606161	-0.00198448257640475	-0.00308203615910284	0.00688983303995639	-0.00300596225190625
MLC1	-0.0115312409712935	-0.0182856450819997	-0.000684674646529401	0.0347001473142286	-0.0112529031673206	0.0539546086069117	-0.0172299348603979	-0.00925919004626487	-0.00668137407591702	-0.0137297930714173
TRIM9	-3.49604799596145e-06	-3.25037974738804e-06	-1.03084692683851e-06	-5.62996853117055e-06	2.37476779867175e-05	-1.71647077903925e-06	-1.91129836810795e-06	3.43513145161503e-07	-5.03897933316301e-06	-2.01719945021077e-06
PROCR	-0.0220903279098566	-0.018295188746621	-0.00509731439834706	-0.0270396065296534	-0.0142130832181209	0.0180107229403675	-0.00228286913417547	0.00934754492784375	-0.0157202528294495	0.0773803748980106
ISM1	-0.00290691764772546	0.0340361772983167	-0.0113179357208737	-0.00140181981998256	-0.00288607677244273	-0.00274704912306412	-0.00736751067103081	-0.00248829973934061	-0.00348471713911591	0.000564149335259434
JAG1	-0.0129695937485405	-0.00229051393429698	-0.00830740643020446	0.0149402869831712	0.0120648660369675	0.0122345239585928	-0.0107268223573043	-0.000788893027939774	0.0315003555383318	-0.035656803018779
CD40LG	-0.0163099324744388	0.125614169804521	-0.0207749202116842	-0.00503615677404718	-0.0136261050592381	-0.0253136681944224	-0.0137747817609618	-0.0102453844942966	-0.00708058212819796	-0.0134526387072335
NDFIP2	-0.0065856142546494	0.0236918475146969	0.00749991444893797	-0.000663383242777625	-0.00374201644866017	0.00668846679586301	-0.00682178315428155	-0.01226128156104	0.0152827008918414	-0.0230888509899294
CCL22	-0.000885191846681281	0.00415492455636112	-0.0036021463466012	-0.00285733225268163	-0.000194537193409359	-0.00310660987936137	-0.00190902326842475	0.00615324323994995	0.0116527034633681	-0.00940603047251958
NECAB2	-0.00131443904945951	-0.00125729982129537	-0.00119970677542073	-0.00314212493183783	0.0112034074487111	-0.000684899955052108	-0.00143719466109157	-0.0016752845991993	-0.00158527628993469	0.00109281863457993
HOMER2	0.019240104643478	-0.0121220624883663	-0.00700181953121373	-0.00408633180128024	0.0118723549407336	0.00526048541368239	0.00961160099773934	-0.0430891344120319	0.0687525979470502	-0.0484377957097893
ZC2HC1A	0.00650528006947616	0.0189506620203066	-0.0171500756317169	0.0169514474692587	-0.0119573496527586	-0.00281501846451339	-0.00606399239652136	-0.0141175104525798	-0.0128696041488524	0.0225661611879004
ARHGEF10	0.00209020764946849	0.0225132671749295	-0.0236237642002092	-0.00367279679305028	-0.00719891923588346	0.0256242384609016	0.000244753512392311	-0.0052652621314275	-0.00332026048641131	-0.00739146395070902
TNNT1	-0.00300148642846307	-0.003366856047391	-0.00315164836529882	0.0167385116892778	-0.00524689706571757	-0.00377872642865017	-0.00799177899030349	0.0133873415480144	-0.00735026362137959	0.00376180370991108
LIM2	-1.55600904951936e-06	-2.37537136454112e-06	-3.02440352896454e-06	-8.29104058469104e-07	-1.73263144406898e-06	1.73451421633206e-05	-3.27184825278817e-06	-1.53579610138505e-06	-1.93734359917793e-06	-1.08263476440561e-06
HAMP	-0.00804535976165305	0.00966085345449162	-0.0180850791045022	-0.0182925627709075	0.00692516318103578	-0.0112185339318425	0.000684357108942359	-0.00144262263105929	-0.0191830718685722	0.0589968563240686
DFNA5	0.0081684651136325	-0.00545292038353201	-0.00474852558082194	-0.00724988631163327	-0.00602377089603474	-0.00729831872398403	-0.00265117922213108	0.0190462727349887	-0.00546369582243431	0.0116735590919495
CHN2	-0.0149247952342924	-0.0185450117023907	0.0114650204865802	0.0253003194227964	-0.0150445882916678	0.0133216792360862	-0.0025528993398005	-0.014534431025869	0.0192245129791473	-0.00370980653058925
TSPAN13	0.0507562483601259	-0.0089852468093916	-0.0138375350797899	-0.0110513027368007	0.0149885787994751	-0.00606901913809224	-0.0186239217670711	0.00914131433331582	-0.00568398055878674	-0.0106351354029842
CNTNAP3	-0.00907428858118606	-0.0118207216635348	-0.000238483109792868	-0.0141970958149339	0.0724662509775618	-0.00858526004235886	-0.00797110471736975	-0.0078573973419389	-0.00756723976172367	-0.00515465994472328
PDLIM1	0.00815915587018156	-0.00242228094011511	-0.000565055370848602	4.59347495878983e-05	-0.00223244379434281	0.0024360740167146	-0.00166772655097055	-0.00122491298207884	-0.000908368714630042	-0.0016203762834979
NPM3	-0.00124924792925204	0.00474622332874482	0.00177261931339179	-0.00421976360797706	-0.00437954792994814	-0.00219607774251695	-0.00293865209028557	-0.00435800903321145	0.0035426410990188	0.00927981459203615
KRT23	-0.00150246767807574	-0.0011090508559211	-0.000467054852912185	0.000188764107182775	0.0094416119398437	-0.00130628489003604	-0.00197430772565643	-0.00144035478146008	-0.000997198010114778	-0.000833657252850265
HLF	-0.0183193573172727	0.202895791759557	-0.0801083630963244	0.000391101017522761	-0.0131267098776095	-0.00595792259764028	-0.0243600250723669	-0.0170112096022159	-0.0189836588338993	-0.0254196463797509
INPP4B	-0.000527368273349442	0.00134484307215938	0.00096586162738085	-0.000227096247941035	-0.000387692493769101	-0.000422875861257606	-0.000309301139835695	-0.000238609930513151	-9.55316467568204e-05	-0.000102229106117381
CRTAM	-0.029143510950195	-0.046087306241192	0.093999256024192	0.0250884997040939	-0.0199715475746028	0.00821602745742696	-0.0153185219954717	0.00750714520309007	-0.0188164538395005	-0.00547358778784086
ASIC1	-0.000178654706463008	0.00183495292012194	0.0148652108972575	-0.000230469843112658	-0.00241193874110233	-0.00439413438881031	-0.00226146747861077	-0.00361221742899732	-0.00177207639559136	-0.00183920483469159
CYP27B1	-0.0157974508563311	0.020800144281605	-0.0198273947283028	-0.017882997892549	-0.0101513935496517	-0.00953860228726674	0.0102764644820729	0.0755697839891425	0.00162660728006284	-0.0350751607187827
SLC6A12	-0.00397801563513693	-0.00346337493177278	-0.00459787240154795	0.00492670373203727	0.00578776622730374	-0.00375335859333547	-0.0052406968945471	0.012546173084643	-0.00723184603718555	0.00500452144954196
WNT5B	-0.00435765022115488	-0.0178948716307264	0.00354226510801017	0.0464703625255718	-0.0234064984298932	-0.0131828840473757	-0.0516129031772031	-0.0573457615115342	0.137495543554998	-0.019707602170693
TRPV4	-0.0146698055708741	-0.0137674211897642	-0.0092366196517827	0.145528961114515	-0.0414610589789917	-0.0134437235344862	-0.0686569365461707	-0.0251324676111625	-0.000465207346536842	0.0413042793152528
MAK	-0.000989213251347031	-0.00204080620278068	-0.00126186296330564	0.000806655014417893	0.0137754926312737	-0.00326552701239638	-0.000744066844974295	-0.00278907940100003	-0.00122331865545667	-0.00226827331443069
ADTRP	-0.00668756228310526	0.0363776508728205	0.00925817702311426	-0.00614737978735991	-0.00609688923972756	-0.0123247383629832	-0.00489586237217221	-0.00719370444116171	-0.00168828727030544	-0.000601404139119228
FAM184A	-0.0123525900729213	0.0688022249359404	0.00177982509123517	-0.00804822058789876	-0.0142500466371317	-0.0106725813264012	-0.0104042225169125	-0.00625403091615232	-0.00455974004923859	-0.00404061792051846
SEMA5A	-0.00305892740841306	0.0259409399720279	-0.00657497479902829	-0.00200895675478614	-0.00204101644819055	-0.00377238585478114	-0.00765440590748428	-0.00126787771526375	-0.000519576776086814	0.000957181692006483
GZMK	-0.00100403597285474	0.000662948051367645	0.0037398034825633	-0.000320879875122049	-0.000637249389928253	-0.00014247785738981	-0.000718264339234599	-0.000529233798360795	-0.000297417125625	-0.000753193175415642
DBN1	-0.00505778374632471	-0.0471447731527523	0.0732410166358647	-0.00671173116800191	0.0344188403133367	-0.012925117164906	-0.0146642484944217	0.00402275571417151	-0.011741572467224	-0.0134373864697423
RTKN	0.0247313510309802	-0.00418544351177933	-0.0397725108352023	-0.00690694423162111	-0.0101855212499359	0.071741936531734	-0.021817645746079	-0.0078827989466413	-0.000741835142021712	-0.00498058789943251
OLFML3	-0.00620389669246708	0.00403615412955931	-0.013751184079088	-0.019419936211661	-0.00298193365926914	-0.00188621242198446	-0.0216453970435209	-0.0362972377894511	0.0272288734796118	0.0709207702882711
MYCL	-0.000897688641691319	-0.00195012630575888	-0.00311654856517821	0.0236100807941892	0.00273690975728678	-0.00144203256485417	-0.00337676765952832	-0.00490279368528982	0.00094978801349772	-0.0116108211426728
HSD11B1	-0.0182246580825962	-0.00577141331971673	-0.0266596030215395	-0.0524532451419246	-0.0236461906320538	-0.0171670859750093	-0.0418535563780532	0.182500795523725	0.133058654707827	-0.129783697680659
CTNNAL1	-0.00813339572293301	0.022133144438744	-0.00715314389664353	-0.0145999374737019	0.0138921658426013	-0.00716491290945582	-0.0239473998874988	0.0167839569993582	0.0943605271049529	-0.0861710044954223
LGALSL	0.000461486896598578	0.000644444210977763	-0.00184933244754221	-0.00225768856129043	0.00798120762191604	-0.00101538968740397	-0.00115233587447106	-0.00183979185946227	-0.000881691331162197	-9.09089681602439e-05
SFRP5	-0.00700792616931676	-0.0838720062241371	0.226626474334108	-0.00299388694096691	-0.0137684116386764	-0.05866102566561	-0.0407551375421063	-0.00711397438907393	-0.0147039808808535	0.00224987511662987
CD274	-0.0103114629872743	0.00216304150289931	-0.00646937236123074	-0.0192532748971386	0.0183546653427737	-0.00149498005844023	-0.0117663926474591	0.0323839745244387	0.0102232132670492	-0.0138294116856181
PLEKHG1	0.00760160442002859	-0.00136131710500568	0.00314574880737271	-0.000520339084084567	0.000707120743155551	-0.00356463145651738	-0.0023937830714171	-0.0014520736394374	-0.00074944548491339	-0.00141288412918139
INHBA	-0.00906489868633142	-0.00506997488699384	-0.0115272339821136	-0.0110112936264406	0.00399331154147566	-0.0106428250182947	-0.0105866223938682	0.0797729756076186	0.00153146217768076	-0.0273949007327331
BHLHE41	0.0127185713576767	-0.0049275363002418	-0.00511896759872101	-0.00974597302605856	-0.00497199088918318	-0.0044052126735743	0.00489485561342829	0.0176924135879791	-0.00731344537636374	0.00117728530505856
SSPN	0.0236938514111946	-0.00703861158871225	-0.0145311130678045	-0.0174665978428246	0.019844143285903	-0.00808162800416828	-0.0103947975770994	0.040346484831162	-0.0187752530693012	-0.00759647837835036
SARDH	-0.00325127020623339	0.0114205863663706	-0.00297807787727781	-0.0013042280359915	-0.00214958254142979	0.00384972517169773	-0.00215445620933645	-0.000204077532813321	-0.000693923790567851	-0.00253469534441803
TNFAIP6	-0.00262832632380657	-0.00222426243410082	-0.000882171561456912	-0.00157364505496823	0.0049681330117206	-0.00246722373620069	-0.0021743498879252	0.00680985491394555	-0.00403612813530991	0.00420811920810204
BATF3	-0.0176805741948456	-0.0155616798075937	-0.00909905664268581	0.00609006332133232	0.00854190805026739	-0.01247135140082	0.0146776405860134	0.0318909855009739	0.0371357267142135	-0.0435236621268549
KIR2DL1	-0.00320863977329694	-0.00415804043900813	-0.00547449567947232	-0.0024204726093497	-0.0019847675977102	0.0306164473518958	-0.00430439148858236	-0.00310906035815779	-0.00283141850365041	-0.0031251609026675
C3	-0.00797530648277152	-0.00496584124938225	-0.00366535499248676	0.00439665557898578	0.0116416904625938	-0.00645892618264981	-0.0144427183921144	0.00666247642899093	-0.0177885832422196	0.0325959080710544
PTPRB	2.03623477492963e-06	-1.42047036471218e-07	-2.83673877526756e-06	-5.75934509175783e-07	-6.53887484878719e-07	4.57529009528566e-06	-1.61995654468243e-06	-3.6233035346919e-07	-2.9550937128021e-07	-1.25120794990131e-07
PKMYT1	-0.0102451394663162	0.00856817850064378	0.0101940375340071	-0.0274327744941434	0.011230851117165	-0.0119062250254948	-0.0142590580605016	-0.0165313106777028	0.00217040080580462	0.0482110397665391
ADM2	-0.00111161205526916	0.0032370146966761	-0.00104223775528424	-0.00346518711717022	0.00424285055016392	-0.000345411487174434	-0.00244271976262518	0.00768403014284483	-0.0037857761390919	-0.00297095107307009
VPREB3	3.79167957304962e-06	-4.97458707873161e-07	-6.04298235041492e-07	-1.42583695453258e-07	-4.04787116327671e-07	-3.09134894735455e-07	-8.68636974418024e-07	-3.36097862794931e-07	-2.63055529763784e-07	-3.65626556641928e-07
ADORA2A	-6.78857050854886e-05	0.000761824447049665	-0.00189412280553874	-0.00214248916128855	0.00666330623223702	-0.00325879781018213	-0.0033899922126953	0.0107517289878234	-0.00232931748776127	-0.00509425448455872
CHN1	-0.00124297175597962	0.0167582095970248	-0.000984472783415778	-0.00225688241503384	-0.00103100318725046	-0.00231220763229224	-0.00456454021665505	-0.00315408363197601	-0.00170537813577488	0.000493330161353045
ALDH1A2	-0.0207398610835691	-0.0264061912612389	-0.014885852584498	-0.0329078249759038	0.0638591551012669	-0.0228771518932759	-0.0179935467336963	0.0372396645826533	0.0829690954775289	-0.0482574866292654
CHAC1	-0.00400414420501074	-0.0156915190671604	0.0262763851847006	-0.0114199426069954	-0.00577753979315835	-0.0179826527959663	-0.0176427403701599	0.0456754859385534	-0.0227394798713905	0.0233061475865877
PALLD	-0.00760667453085249	-0.012784501400826	-0.00422389490205233	0.0234485893076826	0.000183225740125305	0.0318066010452193	-0.0175815665989687	-0.0280231564841134	0.0490891814914528	-0.0343078036676676
FGF13	-0.00374895039794836	-0.00502337761094226	-0.00421572204302066	-0.0135272562919031	0.0454732928540068	-0.00407147672348886	-0.00869244502495276	-0.00875390623927509	0.0185458649816817	-0.0159860235041576
CHRNA10	-0.00378618355786417	-0.0012413926397941	-0.00534835787429839	-0.0317919065580336	0.0419425074866623	0.000195956181373224	-0.0128290819360298	-0.00981715144736269	-0.0104900081292694	0.0331656184746165
GDF15	-0.00555042734882099	-0.00198555287904315	-0.00655655133623316	-0.0103161753870723	0.0142172916405848	-0.00398505701662496	-0.00864190395064456	0.0270662636485322	-0.00924786428425914	0.00499997691357983
IDO1	-0.00483699799058082	-0.00711801418300834	-0.00433583929985456	-0.00800637602446441	0.0017983229829392	-0.00453309888480152	-0.00662400554323896	0.0316373820231216	-0.00474186680029489	0.00676049372018303
NAPSB	0.00403238745490683	-0.000953401583121737	-0.000284321865239306	0.00410806277616799	-0.00136851178039354	-0.00108026254844012	-0.00139393606966949	-0.000703798151058152	2.52032020371909e-05	-0.00238142143518958
RAMP1	-0.0281086326238755	-0.0272237043328313	0.000361113658900354	-0.0441515946485396	-0.016357273274503	0.0496826614171061	0.0251793886677128	-0.0142322543352351	0.145741792486481	-0.0908914970152139
TRIM47	-5.07195038728597e-05	0.000198426177677676	0.00127668037045089	-0.000504065443517048	-0.000369882272376996	-0.000792990345789139	-0.000410640053874594	0.000136089546753931	0.000655564220200546	-0.000138462695652385
CCNA1	-0.00205887920859415	-0.00266259924254136	-0.00312874916182203	-0.00220981239881919	0.00227996503424849	0.00370997904961179	-0.0010340579758053	0.0129532223968341	-0.00310006638192939	-0.00474900211118332
RXFP2	-8.15752996687083e-05	-1.61705152533583e-05	-0.000151282817862927	0.00675420021753953	-0.000905044098091092	-0.000151936315039167	-0.00150366496479497	-0.000804223527395837	-0.000720385122658175	-0.00241991755677527
EPHB2	-0.00847173572364807	-0.00940372567990566	-0.00770734392739659	0.042543853645801	-0.00992089809704609	-0.00835000521847975	-0.0247423861761064	0.0103102823034084	-0.0158288486554688	0.0315708075288418
REG4	-0.0102208910344629	-0.0264245595012443	0.118941365873015	-0.00599585384391691	-0.0104050226050908	-0.032328145657054	-0.0203597563270782	-0.00461861719037207	-0.00779807107247165	-0.000790448641323728
IL2RA	0.0130076254543313	0.0619806551755396	-0.0408664952454685	-0.0260190916901144	-0.0118979450854526	-0.00290831195580372	-0.00423087417505737	0.0337414349462631	-0.00785590629429568	-0.0149510911299409
KLRD1	-0.00654132889129612	-0.0146629132477189	0.018363290900627	-0.00349576853079125	-0.000980836395134883	0.019146968666464	-0.00288759327462935	-0.00384048877489285	-0.00219373932786946	-0.0029075911247575
RAB33A	-0.00490531393657037	0.0027925920018924	0.00838488453069634	-0.0104795686004424	0.00870123370062358	-0.000462918082313591	-0.000490734950239879	-0.00899382893491326	0.0182329423330444	-0.012779288061777
PSAT1	-0.0181550931277191	0.0234876164550089	0.0357934702795588	-0.00971069083434512	-0.0196994688958336	0.0024042053676675	-0.00767052318451962	0.0919664434681881	-0.0283082749754706	-0.0701076845525346
SDS	-0.00625371287191247	0.00375589523762066	-0.000277088969439941	-0.00362567618104319	-0.00538797860431484	-0.0102872943907493	0.00747850458116026	-0.00756268487022214	-0.0126234083039984	0.0347834443729003
NT5E	0.00826480888686183	-0.00477199229495341	0.0102638218947236	-0.00309229018224255	-0.00348887890292199	-0.00458261209402224	-0.000462104505168358	-6.60328335619523e-05	-0.000525022714898395	-0.00153969725381644
PKIB	-0.0156919928198382	0.00350726860071699	-0.0223661333231046	-0.0566934297630391	-0.0132883137183787	-0.013533758322716	-0.0424023143867858	-0.0739945090640101	0.114604755095082	0.119858427702078
TBC1D4	-0.000387431952602204	0.00231869715408859	0.000908248836793631	0.000270114490901179	-0.000868477829685422	-0.000975118381045599	-0.000857449861685629	-0.000440243148431898	0.000178756227336306	-0.000147095535668921
IL6	0.000616825849708765	-0.00021229653305335	-0.000116545579663386	-0.00023810993320068	-0.00018976447324587	-0.000251487706025879	-0.000294144406120302	0.000780392353755039	-4.84674297067392e-05	-4.6402142447619e-05
AL355922.1	6.21204209368346e-05	0.000117756442415672	-0.000207076320492463	0.00318912206849327	-0.000682636505259087	-8.72687273011759e-05	-0.000569868733242633	-0.000614066445977748	-0.000234881741334951	-0.000973200458237729
DAB2IP	0.014475641225073	-0.0538113082780807	0.0936440425413497	0.00880780055881079	-0.00766726597356047	-0.0223701602834674	-0.0266335576301802	-0.00403266265715225	-0.00337795449384266	0.000965424991051987
SIT1	0.0201181323712546	0.0297742134164241	0.0389144082941783	-0.00449726515457729	-0.0111045641018996	-0.0323467574792869	-0.0139415607945679	-0.00971687951324494	-0.00433169988701777	-0.0128680271512626
LRRC32	0.0191917812416268	0.0593130209730613	-0.050007745182466	0.00329249697582181	-0.010497545749358	0.0209069526293952	-0.0214180161434063	0.0207584749361034	-0.0145705636101867	-0.0269688560705906
CD27	0.00163973760907584	0.00697802080607582	0.0103513349635204	-0.00331769232405663	-0.00145469227327213	-0.00725995618051145	-9.52724821256978e-05	-0.00247186910052813	-0.00162658044309379	-0.00274303057508396
PIANP	0.00296642661565435	0.0286349169317357	-0.00596353758314814	-0.00140730741349696	0.0070474920109608	-0.00791603428246552	-0.00462424841731442	-0.00965231002395756	-0.00454053670505572	-0.00454486113291277
SDSL	-0.00586222709706835	-0.00679123644791666	-0.00195390935763371	0.00363939646677754	-0.00602125013337504	-0.00438682245109923	-0.00345929009691119	0.0124008521802566	-0.00621411804472676	0.0186486049816969
ACVRL1	-0.0131855654115057	-0.0171224328152548	-0.0071981146443906	0.0230118498207373	-0.0201798986334695	-0.0109800542453883	-0.00839648151628148	0.0547865581161587	-0.0179340968639932	0.017198236193387
CPNE2	-0.000196869353990013	-0.000123559907845017	0.000393533029535858	0.00017849357641051	0.000163868314785743	-0.000327140731101281	-0.000167451757036654	-5.34117474505128e-05	-8.17852945490675e-05	0.000214323871240427
RNF165	-2.32807584893159e-06	-2.28059270643449e-06	-3.82957576602729e-06	2.56034559716555e-07	-1.44995945069707e-06	1.64574948810967e-05	-2.11718494464073e-06	-1.50580106970043e-06	-1.41251914007632e-06	-1.78982051430464e-06
TNFRSF11A	-0.00359901012742379	-0.000789679322273674	-0.00526305897462028	-0.0013626327350762	-0.00365236682907882	0.00725799088700942	-0.00120634225055433	-0.00594513227305823	0.00691430272485741	0.00764592890021874
FBLN7	-0.0164753404462402	0.191054960683514	-0.0821041276966717	-0.0127657172471557	-0.0224659378537724	-0.0092458031239249	-0.00926836272664742	-0.0157151177486229	-0.0138451007647296	-0.00916945307574931
SLC4A10	-0.00905656625984709	-0.00113518789802286	0.0443778964086569	-0.00259833597816235	-0.00659940332720891	-0.00698467015850019	-0.00557093801401107	-0.00370305123893848	-0.00290690951407697	-0.0058228340198886
TMEM44	0.00466993567485625	-0.0104784624997918	0.00846890207043723	-0.00482346998178802	0.00589181476434295	-0.00213482171305288	0.000789357590823824	-0.00377978146580074	-0.00198779464511774	0.00338432020509168
CORIN	0.00121723041263514	-0.00142675836716369	-0.00125002196040097	-0.00148010407563997	0.0067645871383207	-0.00113754986763718	-0.000933475155622557	-0.000736188606775231	-0.000558772927138285	-0.000458946590577911
SNCA	-0.0133857856916812	-0.0111377341497704	-0.0126159366000889	0.0361787336777171	-0.0232851280355633	-0.0123575963574405	0.0127667505196387	-0.0233319129856728	-0.000755187652616198	0.0479237972754777
MARCH1	0.00260761907533909	-0.00112344188414534	-0.000905627403770858	0.0028510068023676	-0.000818078574686547	-0.00119409632678701	0.000650276730397476	-0.00120768066534186	0.000713735632113788	-0.00157371338548645
LIX1	0.0496609792378318	-0.00804248969695902	-0.00875682515205359	-0.00455534468443334	-0.00412363248369466	-0.00549482009917481	-0.008707016769874	-0.00534959859154356	-0.00570951781204364	0.00107826605194548
PAM	-0.00498224175033875	-0.00134751460608594	0.000362535193769725	0.00539412198113692	0.00309093642022884	0.00439650874012862	-0.00430651022907867	0.00162972442848216	0.00115868399111457	-0.00539624416935733
FAM50B	0.00188311059856064	0.00765221794973086	-0.0101096537005944	-0.00490677911896816	-0.00205479907250431	0.00244303203986298	0.000423176634075102	0.00208877977143598	-0.00116874093709716	0.00374965583549849
AIG1	-0.0107713510008692	0.00343552403415709	-0.000817244707135568	-0.0150183059868751	0.0150745052595694	-0.0141326910750009	0.0176273045955476	-0.0228049192536766	0.0154819526780685	0.0119252254562148
EPHA1	-0.00981043750495206	0.00952052766468155	0.0102388030449346	0.00492612522133232	0.00907362149624913	-0.00830176486697659	0.000377689233324346	-0.00571915096830737	-0.00286172516427904	-0.00744368815600702
LRP12	-0.00401612056211938	-8.52816749841909e-05	-0.00316982139939131	0.00141752239008227	-0.00451563176251054	0.00249311691300784	0.000658341793617684	0.00605839767695555	0.00412692882621273	-0.00296745220087071
PROSER2	-0.0259708611123822	0.0310091849907811	-0.0345186506552241	0.17394472547751	-0.0473333003109254	-0.00324921599497323	0.0127014183078778	-0.0308443141232576	-0.00317446171978732	-0.0725645248596181
ST8SIA6	-0.0022394154658888	0.000560493118596003	-0.00319194859147553	-0.00141825235117335	-0.0015279357932422	0.0105710350181069	-0.00109237726388124	-0.00159178223446803	0.000595570579193624	-0.000665387015767515
CDHR1	-0.00775440654382715	-0.0206142099100979	0.0305964005947502	-0.00320360746782993	-0.00692620476258383	0.038343402102248	-0.00996678628120611	-0.00726112363315393	-0.00409603833842774	-0.00911742575987138
HTR7	-0.0207709465773947	-0.0119464871488248	-0.00399192601864938	0.0141624908184664	-0.01897479554973	-0.0167018419807879	0.0736604304792652	-0.00900673492235187	-0.00382442732213781	-0.00260576177785474
ZC3H12C	-0.00322714866415858	-0.00126832872837783	0.00014672486310406	0.0100855250617664	0.00024857182451685	-0.00256208507386428	0.000341697192537979	0.00468489726872454	-0.00529519347607056	-0.00315466026817879
NCAM1	-0.0108868093604189	-0.0125923872545433	-0.00161654205848902	0.00408146018970607	-0.00727580592668578	0.0434653156129735	-0.00653564640887496	-0.00148826343456645	-0.00213701755445134	-0.00501430380464953
GRIK4	-0.000975894783845582	-0.000314456232465713	-0.00550529590102717	-0.000668255252659376	-0.00114050462050106	0.0133089390728414	-0.00155930646414111	-0.00079182200141969	-0.00106066238020124	-0.00129274143657995
ESAM	0.048969373931952	0.00468642487915596	-0.0118412066118633	0.0541630098067442	-0.02373230527126	-0.0200226815437513	-0.012408512949847	-0.00975127473801021	-0.00562613996782904	-0.0244366875352909
KIRREL3	-0.002656626908147	-0.00212806891441257	-0.00324294467763783	-0.00336941376409955	0.012056521058705	0.00436896956614113	0.000393895426713148	-0.00146185630282658	-0.00218936252471048	-0.00177111295972507
KLRF1	-0.00266215228344376	-0.00349653895923269	0.00145087691821948	-0.00155231471409854	-0.00077918298160111	0.012478531332255	-0.000838297347974214	-0.00147789649391901	-0.000691881928581	-0.00243114354162417
CLEC1A	-0.0123052312888054	-0.0112625286341419	-0.00690630647700771	0.00438669619114941	0.0225115165118166	-0.0140210267881732	0.00232833580837022	0.00933601906994155	0.0289805073053578	-0.0230479816985075
CD226	-0.00237431894208934	0.00273492246733936	-0.000191301094968338	-0.00217113805363334	-0.00223776298598139	0.00328625048269573	0.00140484959104398	1.00742858771257e-05	0.00077810088013805	-0.00123967663042176
SLC7A11	-0.00466076441584602	-0.00469394284528141	-0.00257495500772547	-0.00612798929836088	0.00620541101508273	-0.00338517895612677	0.00200793012829591	0.0129527698284592	0.00189440683084608	-0.00161768727934336
EPS8	-0.00684765410868645	0.00303013431629292	-0.00478662461394298	0.00451407698396612	-0.00985848622291543	-0.00818154774521682	0.0178254927444643	-0.00438766559727971	0.000919450804243318	0.00777282343907462
DPYSL4	-0.0187419018766422	0.077580654562968	-0.0561198081427917	-0.00426090272436298	-0.0113188155430806	0.0162282768934518	0.00376876231244162	-0.000605934797454967	-0.0017326388874713	-0.00479769179705588
ASAP2	-0.0117205905563178	-0.00954942623319566	-0.00500366698077813	0.0236165598568452	-0.00967570071535955	-0.00500817197378137	0.0251955266464081	0.0106879336180703	-0.00416140283697364	-0.0143810608249174
TMEM45B	-0.0155183824954579	0.0210851906076969	-0.0127819548408959	-0.016164131026663	0.0311349375305077	-0.0180373287132148	-0.000674813326530743	-0.00554786540719017	0.0386902793602373	-0.0221859316884899
WWC2	-7.8135087366479e-06	3.91128919107434e-06	-4.86127722571307e-06	1.07509338624558e-05	-8.68498655818238e-06	2.72539994915684e-06	4.56799480863393e-06	7.76700240281359e-07	-2.02946667912047e-07	-1.16959886314715e-06
DST	-0.0164644287747178	0.00846018413696373	-0.0324300967956076	0.0173484932983044	-0.0210390410475773	0.0192038502456387	0.0405393216931609	-0.0126653453086835	0.00339930776988195	-0.006352245217364
TMEM132D	-0.00207754062593941	-0.00236049737680027	-0.00169494858042955	0.00117720874207542	0.0187088201467197	-0.00256867994775431	-0.00413095004965019	-0.00237382509605336	-0.00247433344305383	-0.00220525376911452
SETBP1	0.00917427500502185	-0.00903864981334584	-0.00119136676205728	-0.00341054366287737	0.000821019323639768	0.00664607686380588	0.00789683410605222	-0.00395558403115339	-0.00214420523142258	-0.00479785579766329
SPOCK1	-0.0150375489458218	-0.0258154306690681	0.0155346811118223	0.199015379767304	-0.0409087714919726	-0.0226808060890275	-0.0258539790853231	-0.0199593896779123	-0.00171320867438496	-0.062580926245615
CCDC50	0.000427621841066404	-3.15366066896178e-06	-0.000471499127021707	0.000193138504934524	-0.000374455391248658	0.000109395439324163	0.000387463129454076	5.93972222461213e-05	-3.19270812583002e-05	-0.00029598087682767
TRIM36	-0.00484480007651974	-0.00364265017921679	-0.00212857692318191	-0.00280973120788862	0.00345881167835943	-0.00452113265131318	0.0112079177410946	0.00182113970747863	0.00172007786554994	-0.000261055954361963
CLEC4F	-0.0305708289919223	-0.0182883861705974	-0.0104524950064887	-0.0607413484105842	-0.0248753878525367	-0.0311194694757194	0.154138074508083	-0.0184236419707533	-0.021174567860422	0.0615080512309431
ANKRD22	-0.00367199373356406	-0.00338344486354376	-0.00239319068147822	-0.00123231632700234	0.00570286014802792	-0.00482045956537125	-0.00155233033922827	0.00997734198320945	-0.00285947199175862	0.00423300537070901
PTPRK	0.0102926688729671	-0.00300668717628255	0.00436744666151895	-0.00282310202972536	-0.00206280296331052	-0.00407649222089106	0.000706659621997432	-0.00133024764099952	-0.000461608402436436	-0.00160583472283813
STK32B	0.0154399883511077	-0.0153914313184458	-0.00993042384848832	0.0979706503190294	-0.0192339258758239	-0.0155863449809598	-0.0344445446941955	0.00379633242958403	-0.0180707427459877	-0.00454955763582139
SCN3A	0.0143412480392924	-0.00275096842844356	-0.00216424603584191	-0.00196246953655388	-0.00159485720847544	-0.00233720693077278	0.000412748633711089	-0.00139186162762625	-0.00101503210692414	-0.00153735479836548
CD8A	-0.0172485299097214	-0.0448039540622759	0.103698412205469	-0.00430128037084116	-0.00892859540960058	0.0051309713393505	-0.0144381852077826	-0.0065902182997393	-0.00175654149260721	-0.0107620787922511
PID1	-0.0223047178408089	-0.020250514332191	-0.00944720931822687	0.031783995014367	-0.0153278712296901	-0.0186374125171282	0.0333367790369808	-0.00986718858302646	-0.0380492179352359	0.0687633577049609
KCTD15	-0.000827924833150651	0.00147077080137165	-0.00173648307976675	0.0024439090834517	-0.00162926448379823	-0.00125591962215099	0.00239177211347997	-0.000195986809736426	-4.91041184284797e-05	-0.000611769051271718
MCOLN2	0.00556695749807266	-0.0151556444823532	0.0334491139058874	-0.0155532589608925	-0.0226117676351051	-0.0148555653275833	0.0331951251425861	0.0127394559922906	0.00419369282403735	-0.0209681089569411
GRAP	0.000468950360599425	0.000430493814010208	0.000182634097536787	0.000203970373483371	-0.000431332026910196	-9.83587070861251e-05	-0.000539973365220653	-0.000162389143274413	-5.26320234404911e-05	-1.36337969791909e-06
GPR15	0.00454299064501416	0.0182628940199509	0.000851993529179159	-0.00117093689522349	-0.00199782016272116	-0.0052113159717513	-0.00495699790160847	-0.00333412393085858	-0.00168852784595448	-0.00529815548602656
ENAH	0.0115664313574126	-0.00183862202100449	-0.00174358971851509	-0.000757960558658446	-0.00126135013003147	-0.00022593611336548	-0.00389255195673984	-0.00103314880327956	-3.73607760349119e-05	-0.000775911279783113
L3MBTL4	0.0301489907700705	-0.00901364443498425	-0.037016443167059	0.0121255529445185	-0.0103717115219621	0.0445558107892852	-0.0157384644926575	-0.0045801050934892	-0.0116045111718629	0.00149452537814052
ADAMTS1	-0.0084154495825647	0.00574145798133568	-0.0153376726750531	-0.00528871987789587	-0.0027164372737055	0.0494730740707478	-0.0129201152931735	-0.00428116523170394	-0.0020656640645424	-0.00418930805344357
ADAMTS5	-0.00112360553462696	0.00351975068141171	-0.00186121708927506	0.0700052650590513	-0.00300933615743884	-0.00413136005579458	-0.0260965228320942	-0.00858253541292845	-0.00487082302724258	-0.0238496156310623
EPHB1	-0.00626308050797105	-0.00313942585510571	-0.0063655517706113	-0.0138407418724739	0.04672513740518	-0.00503540146094306	-0.00234847361264049	-0.00436657697903857	-0.00192524956101867	-0.00344063578537695
PSD3	0.042654505285292	0.0162314555808071	-0.0304099583829394	-0.00834469908576394	-0.0214857813437564	-0.0153472614123211	-0.00361006065773191	0.0267538299488543	0.0104286767686098	-0.0168707067010514
TIAM1	-0.0015782725696619	0.00265664915058874	-0.000728543062921444	0.00152609748868874	-0.00205094982627136	-6.61305751261882e-05	0.000438147387463411	-8.82000227551014e-05	0.000266012411754496	-0.000374810381759351
PCDH1	-0.0107317905359792	-0.0104918314769143	-0.0132554392625771	-0.00637329105010885	-0.00745359610540648	0.0679166775833508	-0.0126067697901327	-0.00234500364023067	-0.00217555250725024	-0.00248340321475201
HKDC1	-0.00632894151410103	0.0324999789057145	0.00605370611235712	-0.00335017277202776	-0.00680732568655527	-0.00938709089963722	-0.00533701845642392	-0.00226210489489166	-0.00244520854387103	-0.00263582225056286
MS4A1	0.0466966997978491	-0.0157367925014269	0.0177847296044642	-0.00244594441865811	-0.00144968281609844	-0.0152244008184924	-0.016771522200983	-0.00372264451651764	-0.00170311030268497	-0.00742733182745171
NRG1	-0.00165477320106279	-0.0006364010755401	-0.00345320776699017	0.0138605003224692	-0.00373208556279709	-0.00351375594768053	-0.0071981538999548	-0.00472817491220388	-0.00506997851058882	0.0161260305543493
CLEC18A	-0.000523699518102933	0.000959048591295331	-0.00313699870476084	-0.00214140719271396	0.0109660686952516	0.00168171081358499	-0.00222669098109959	-0.00211011013604111	-0.00143418108587041	-0.00203374048154301
KIT	-0.00484463867560338	0.00930063540319864	-0.0141528618306434	-0.012067775381858	0.0204619690740697	0.0141748309342709	0.000180504386391283	-0.00380258542008991	-0.00366044432814079	-0.0055896341615945
GALNT14	1.6027591321929e-08	-7.21487343717866e-08	5.57816959172315e-08	-4.89603971962465e-08	3.61263257383056e-07	-8.56496589217118e-08	-5.49905479636235e-08	-7.08110278063843e-08	-5.01707793523335e-08	-5.03413990101406e-08
LRRC43	-0.0055173325274802	-0.00297689207567405	-0.0219227052131307	-0.00559433611279097	-0.00650277456309244	0.0564527961524201	-0.0143088348205803	-0.00123671750944633	-0.00387385762819415	0.0054806542979693
GPR153	-0.00461120053180219	-0.0103052930646737	0.00206483691365873	-0.00291651119271372	-0.00658614908168576	0.017620324296055	0.00672323473354339	0.00304687540172045	0.00149276985826302	-0.00652888733236465
HIST1H4H	0.00159959592430295	-0.00046001793134265	-0.00237944123151539	-0.0017131737050361	0.0084755352605487	0.000632534853968637	-0.00400976337583915	0.00272483695381914	-0.00222464383292281	-0.00264546291598338
CD1C	0.0236301838662246	-0.00575879649741731	-0.0103223641493973	0.00651995506510713	-0.0137844359887695	-0.0122925526585328	0.007472421060459	-0.00543297502697355	0.0257304640779083	-0.0157618997486093
SLC45A3	0.0276050673261322	-0.00558523661008726	-0.0116343221859561	0.00156236832299846	-0.00843885419844511	0.0108885338410435	-0.00899681931073336	-0.00338017822650976	0.0024310416315357	-0.00445160058997835
C1R	-0.000545206033518247	0.000507467671666335	-0.000709989650765275	-0.00100344829168097	0.00254620343341372	0.000963707354042026	-0.0012382060854129	0.00210219149657674	-0.000856632680725332	-0.00176608721359609
ISL2	-0.00133711301344492	-0.00175615606026408	-0.000739072333132959	-0.00275805267570002	0.00754173035134166	-0.00221656158009581	0.00329353228409708	-0.00036976902436263	-0.000563583829633532	-0.0010949541188048
TNFRSF13C	0.0347519658483045	-0.00228590736894714	0.00595214182177743	-0.00213158342280418	-0.00633775068056216	-0.0105587588794262	-0.0115657431383106	-0.00282036380202756	-0.00176848211489083	-0.00323551826311289
UBASH3A	-0.0020289115023056	0.0043931976702089	0.00614480334714316	-0.000786036946209744	-0.00160945106799957	-0.00258780282685326	-0.00129312903919282	-0.000879738445776659	-0.000361449095246021	-0.000991482093768221
VAV2	0.000670186079280955	-0.000258013880976848	-0.000150919861351255	0.00037496764282352	-0.000374809337283494	-0.000219409066893843	1.30221275811889e-05	0.000205233954864325	5.71711239544024e-06	-0.000265974770439996
S100B	-0.0148965943780441	-0.013970827530738	0.02501779269937	-0.0125439875474764	-0.0160277210711816	0.0142117433546754	0.00161907233729369	-0.0179205004750643	0.0204287857639661	0.0140822368471992
CACFD1	0.00446686317957403	0.000949837655882654	-0.00197606137323834	0.00444703346548047	0.000275369342147665	0.00233393905784774	-0.00196247958009351	-0.00300543183258847	-0.000764281788968276	-0.00476478812604384
CXCR5	0.0222762530190444	0.00882555247056327	0.00160897740816704	-0.00128338806896542	-0.00272706408759819	-0.00474016201931389	-0.00941196449353643	-0.00493217927080145	-0.00167304016387323	-0.00794298479368626
CCR5	-0.00390706826362323	-7.75313120045347e-05	0.006337083237343	0.000404832400765968	-0.00267832575185507	-0.00431777585515133	0.000275105808297974	0.00301453745432819	0.000303827590977623	0.000645314690921664
ALOX15	0.000735131864316274	-0.00907995426555317	-0.00703759244858365	-0.028408499906156	0.0229935657203894	-0.0157984169944158	-0.00998213738106447	-0.0583788263593097	0.163120175203113	-0.0581634454327316
DHRS3	-0.0122184131701421	0.0135859087416186	0.000300211065617782	-0.0106774121000484	-0.0118781336956246	0.0123981083749374	-0.00433467039679682	0.000896407994122415	-0.00314652699571829	0.0150745201820344
IL23R	-0.00111101457957717	0.0167521560837911	0.0758376234927392	0.00366534796724463	-0.000114041854274478	-0.0450468238010776	-0.0112621459071541	-0.0107292069428679	-0.006918287634417	-0.0210736068244058
VCAM1	-0.00194325366363003	-0.0106256481673408	0.0497886205935206	0.00218681531647197	0.00157246006197565	-0.0219512738125873	-0.00739152754280477	1.64515220584639e-05	2.07590827796337e-05	-0.0116734033904424
OLFML2B	-0.000408259430427225	-0.000369564793877646	-0.000379727431845885	0.000195824091547346	-0.000828500417969433	-0.000572827967146968	0.000471445002691827	9.98500564120776e-05	0.000189186016149086	0.00160257487446677
FCRLB	0.0204422091781422	-0.0312700924588224	-0.033793633415052	-0.0384510716525842	0.025164750012871	0.0552647957045316	-0.0323233110350285	-0.00518158227922361	0.0330314752215364	0.00711646072362798
C1orf115	0.0426518061489387	0.0269610709664095	-0.025152999149678	0.0411478784171409	-0.0222831467202133	-0.0137598729223197	-0.0196625072135834	-0.00340234349488622	-0.00347278502062092	-0.0230271010111877
CAPN13	-0.00203201543349356	-0.00291617545416434	0.000949511933929173	-0.00322281957486905	0.0168826273409239	-0.00264603826491728	-0.000463775019632385	-0.00226977134059434	-0.00231792878667425	-0.00196361540050829
INHBB	-0.000810656684402352	0.000357642368951669	-0.000842047706334371	-0.00167578100013535	0.00684071024095238	-0.000752826329237266	-0.000361557734353612	-0.00113117231628743	-0.00100457129370329	-0.000619739545450282
TGFA	-0.0163002027690555	-0.00615853601812013	0.00213789410564916	0.00657812140240895	0.0245852779676256	0.00646027277357266	-0.00881866103059	-0.00732591975507361	0.0188740402909078	-0.0200322869673246
CLDN1	-0.00177044422372388	0.00408332995259456	0.00371061225247158	-0.00359054539946862	-0.00141469666123349	-0.00562467349722763	-0.0103769499740795	-0.0268429812513394	0.05914428187508	-0.0173179330730747
PROK2	-0.00640590493902049	-0.00678341883087815	0.00883025477770104	0.016628490266682	0.0207498061318215	-0.00710567295189126	-0.0115903699520382	-0.00610965879151244	-0.00218626278288243	-0.00602726292798205
TMEM169	-1.87946726740773e-05	0.00249299493955365	-0.002348353348196	-5.33004285390153e-05	0.00358707143572866	0.000738751780465698	-0.00202630786947267	-0.000872792379735392	-0.000653954487325791	-0.000845314969805082
CXCR1	-0.0016229270155498	-0.00161467756213663	-8.92251074985903e-05	-0.000729742724831692	0.00575710846307014	0.00249828368462952	-0.00166876138492901	-0.0018542399120647	-0.000394613097724608	-0.00028120534296448
TRAT1	-0.00826409055986817	0.0252769541946166	0.0165501026051607	-0.00311839132352166	-0.0052361354350825	-0.00748870110525498	-0.00511364651793854	-0.00509371473701362	-0.00196788556186201	-0.00554449155923546
FBLN2	0.046927709543337	-0.111339241520139	0.108899691738848	-0.0893566691986226	-0.0520842470913651	-0.0206657745205108	0.142041013300332	-0.00846038533908392	-0.0136009347755448	-0.0023611621372535
FCRL1	0.0150465721678916	-0.00308930477474803	-0.00267737689914832	-0.00688235971391747	0.00247251096280815	-0.00566733757575222	0.00753085778914962	-0.00272667888054608	-0.00171614305551755	-0.00229074002022015
PPM1L	-0.00163486213428776	-0.00207855769870857	-0.00209675501927414	0.0023201029879306	-0.000860234363793598	0.00480497993034065	0.00304773118767546	-0.00231225043128121	0.00296477349512488	-0.00415492795372616
CTLA4	-0.00600299204341797	0.0196580776857229	0.00360591401894701	-0.00487193414944119	-0.00387302836753508	-0.00512779664505013	0.00311950676454999	-0.00396472248592649	-0.000487808865848393	-0.00205521591200065
ICOS	-0.00978944483610359	0.0354320919176804	0.017444922563136	-0.00320372001914119	-0.00686504973342813	-0.0124855608572891	-0.0054224913748341	-0.00623915731233463	-0.00246883645425646	-0.00640275389342927
CD200R1	-0.0199855987211449	0.0279366642226574	0.0336560607163355	-0.00655131497566192	-0.0206661483470978	-0.0272209623309014	0.0197590111885405	-0.052373253016859	0.100069983072863	-0.0546244418087309
PTPN13	-0.0345037375356956	0.0722823046191862	-0.0294117991758333	0.00222497469538367	-0.0256777323611576	-0.0434683128608418	0.0920647847718689	-0.0119937277276831	-0.00437536166502229	-0.0171413927602062
PTX3	-0.00511578455758233	-0.00596807727381882	-0.000458854734108919	0.0238497635292066	-0.000708230529771956	-0.00505995971385077	-0.00302281789509621	-0.00667960714042082	0.0130279792165777	-0.00986441090113402
DNASE1L3	0.0477051673091334	-0.0222283260785082	-0.0171259000621796	-0.0673507688806852	-0.0144468953522578	-0.02871408272269	0.132581705574484	-0.0167196112292945	-0.0242202137684703	0.0105189252104702
APBB2	0.00346010410240944	-0.00214481857801981	-0.000170811011350481	0.000453650371482107	0.00274681867185924	-0.00165793006037786	1.27904226471034e-05	-0.000327618951496887	-0.000645450055580024	-0.00172673491157299
CXCL5	-0.00101325001090153	-0.000974919894505756	-0.000938700698860784	-0.00175018785707258	-0.00107517199606433	-0.000934302264279586	-0.000435771157533451	0.00528940075925755	-0.00142645066680957	0.00325935378676996
CAMP	-0.00349994827787324	-0.00415144484480776	-0.00313925579620805	-0.00224820297686641	0.02525280163317	-0.00450709797788307	-0.00204948159251433	-0.000363014939169371	-0.00420801667129746	-0.00108633855655012
PLXNB1	-0.0018243251026291	-0.00198764833185477	0.00323738408722192	0.00654855921006499	0.000903551244868331	0.00233646496894564	-0.00444523745791901	-0.00209596953124906	-0.000643420884497787	-0.00202935820295114
SPRY1	0.0043945854735972	-0.00275288659619292	0.00440480266742932	0.003229955576824	-2.45485711937863e-05	-0.00030409059898712	-0.00405058181104397	-0.00194824944066686	-0.000598730196485281	-0.00235025650328072
GUCY1A3	-0.00793822865018475	-0.00750574458821573	-0.0351277098912122	-0.0241471882020475	-0.0183521021945169	0.0317774421978219	0.0640892430369009	0.0151722337273927	-0.00885947787417496	-0.00910846756176529
ANKRD33B	0.0203708258951148	-0.00893213610158031	-0.00963178817338132	-0.0165052358824653	0.0219475085874859	-0.00556111713110051	0.00823401153218628	0.00441468361371911	-0.00504844171402688	-0.00928831062595152
RHOBTB3	-0.00463699163706902	-0.00252975083482937	-0.0262379225683594	0.00233187017165044	-0.000819209461242347	0.0355885601374073	-0.00549339311939401	-0.00222021533209649	-6.72141498279506e-05	0.00408426679376
EBF1	0.0157434915555185	-0.00356616137478503	-0.00183234704348264	-0.00329491358540983	-0.00182341016749059	-0.003240659634798	0.0031929771990325	-0.00157398912845058	-0.00121348710602469	-0.00239150071410983
IL31RA	-0.00122266613490667	-0.0125230134931336	-0.000903185715903748	0.182017480394374	-0.0398062306092435	-0.0174909400769113	-0.0812760572991849	0.0786668720027108	-0.0539825311748173	-0.0534797278929848
ANKRD55	-0.0220140169790087	0.0873155788455007	-0.051021492437434	-0.0120951228367294	0.0376806175629079	-0.00762900497869489	-0.0133448991308376	-0.0148712135049804	-0.00539027265735341	0.00136982611662914
GPER1	0.0101322531828719	-0.0117469182346096	-0.0188870851271589	0.100457353899485	-0.0280007242697386	-0.00619446988726057	0.0357733719374166	-0.0196890483715895	-0.00479425675809096	-0.0570504763713237
OSR2	0.00211240122781534	-0.00507442503057545	0.0184121303884074	0.0387304693166498	-0.0102499474130291	-0.00706434845273148	-0.00265152575827673	-0.0100875457296178	-0.00539961890016159	-0.0187275896484788
GEM	-0.000194448848372645	0.000271960393068376	0.0015329021721311	-0.0126572428162942	-0.00438396817794684	-0.0068183942545728	0.0201859332315648	0.0172084236648285	-0.00853082512802899	-0.00661434023637714
ZMAT4	-0.00310513923470679	0.00317826670089363	-0.0244839868267325	-0.00199800080517767	-0.00382852646335773	0.0508398059373584	-0.00849947357004414	-0.00246222762791194	-0.00517133041020633	-0.0044693877001139
C7orf34	-0.00430104604689335	-0.0047604386612733	-0.000855212763504364	-0.0074184575491186	0.0282229171846836	-0.00493879513920746	0.00111726647186385	-0.00311945720021179	-0.00385615359815005	-9.06226981889949e-05
C9orf84	-0.00368962122032763	-0.00325837418390132	-0.0043455998316087	-0.00981735743284046	0.030234861341916	-0.00237181309256242	0.00201125491698291	-0.00378009050170137	-0.00302704721375583	-0.00195621278220101
FAAH2	0.00123922807700373	0.0614701727683697	0.00681151930336164	-0.0017409992451845	-0.00750420303563794	-0.0190887238060885	-0.00936137879890873	-0.0109177498349726	-0.00463656425616569	-0.0162713011717771
DACT1	0.0104484902416662	0.016645192114234	-0.00959219894598588	-0.000531222853948733	-0.00612558389967217	-0.00406026341526302	-0.00225933775498545	-0.0029754850841319	0.000365887914295633	-0.00191547831620833
BEND7	-0.00393105501443727	-0.00500237168055324	-0.00386903532326718	-0.00856521248331531	0.0414395712717207	-0.00508295647601778	-0.00172825454383315	-0.00485004888305588	-0.00440490076876158	-0.00400573609847976
ZNF503	-0.00412084715124771	-0.00369731477269735	-0.00150002161332812	0.00789975844080557	-0.003217149206461	-0.00252573797477648	0.00669762080284242	-0.00269841940948805	-0.00167404612745455	0.00483615701180543
TMEM52B	-0.00436557474937083	-0.00392809268634735	-0.00728806624689321	0.00947603047039275	-0.00188459941891994	-0.00604066104631342	-0.00123909536664485	-0.0224345252973534	-0.0156868929899579	0.053391477331409
AMOTL1	-0.0218442582930211	0.0164371505418751	-0.108138756688962	0.106732455863188	-0.0354374552257821	0.107691482497178	0.0201177757891347	-0.0324810706266402	0.00334070613502369	-0.0564180299919942
HTRA1	-0.00985139966293829	-0.00627016074485961	0.00827446910222695	0.0398299484614299	-0.0175442672460704	-0.0158202865758146	-0.0317850996470948	-0.0187439907495407	-0.00613522498797628	0.0580460120506381
CKB	-0.0177063048079949	-0.00394436096336893	-0.00171830689877782	-0.0129190170881706	0.00399146586656806	-0.012958492394319	0.0385843636855026	0.013920372687949	0.0112294515720417	-0.0184791716594305
NETO1	0.0268137970896189	-0.00440002093287107	-0.00310106196934206	-0.00221895363214763	-0.00318874507136777	-0.00416535660457145	-0.0023712314483025	-0.00204538297475395	-0.00173654110202187	-0.00358650335424094
CLEC4E	-0.0113285672033299	-0.0138100358313885	-0.0016116890644888	0.0166599915878678	0.0177066547057463	-0.0111013912836826	-0.0166422980240665	0.0195101054313508	-0.0137056525577445	0.0143228822397367
CLEC4D	-0.000545237077575709	-0.000683862033224193	9.25828477955499e-06	0.00142946222546176	0.000915915588013906	-0.000550956159396085	-0.00099554681684578	0.000627375004074485	-0.000528460057827396	0.000322051042539428
RBPMS2	0.0103125183398588	-0.00392975797911531	-0.0759352078433014	-0.00762878500070744	-0.0123498024507804	0.125606783228132	-0.0246587688497622	-0.0112448166235148	-0.00422582972182047	0.00405366690101101
NKX3-1	0.00937175512371008	-0.00574282558896773	0.019897060919134	-0.00385774800180398	0.0177474895681577	-0.01568835059678	-0.00312692695742494	-0.00680427442004894	-0.0042983517426926	-0.00749782830328425
TMEM92	-0.00688719842772867	-0.0104210994727548	-0.00135386706169958	-0.00753948749169556	0.0297855480889951	-0.00854757054549121	-0.00253348072119744	-0.00690339811232375	-0.00685324796692512	0.021253801710821
GPRC5B	-0.0276410047679549	0.130564026919515	-0.0394794960791701	-0.0408964442819404	-0.0284840915127486	-0.0345584940682695	0.0210190565001917	0.00415494801960526	-0.0131391594509231	0.0284606587216926
LOXHD1	-0.0100165910079418	-0.0130964826322813	0.00636501571957965	0.0385270464749235	0.0294130802995382	-0.0143994992831777	-0.00547121422964689	-0.00923818244849429	-0.00360452457106962	-0.0184786483214303
JSRP1	0.000589208111490039	-6.20987813534709e-05	0.00382428038058803	-0.00191878474412413	-0.000204077828538121	-0.00221168070886224	-0.00114859279786107	-0.00231653451826047	-0.001734504299512	0.00518278518643353
AXL	-0.00540066356507624	0.00285175815863123	0.00299587980051026	-0.0113560982862183	-0.00422043553041577	-0.00417117621085305	0.0207795355503358	-0.00341923238289985	-0.00730226585934966	0.00924269832533535
KIR3DL1	-0.00382733760312304	-0.00664882640342755	0.00503773507088535	-0.0013286863360764	-0.00222077769119525	0.0213252219274528	-0.00456915910141383	-0.0024866280251255	-0.00141112952869423	-0.0038704123092818
NLRP7	-0.00219610466997587	-0.00600769577966025	-0.00666323622866567	-0.00535680300384765	0.0090810224951779	0.0254652924293708	-0.00510684520919019	-0.00309044156357349	-0.00282772579785394	-0.00329746267178118
PPP1R14A	0.000835808392857788	-0.000254130983768282	-0.00020070414433922	-0.000467341266912276	-0.000121819751142501	-0.000165000995573163	0.000590042220091395	-0.000328610011730536	0.00021053674374948	-9.87802032326725e-05
SEMA6B	-0.0074210208760869	-0.0108407156629441	0.000159524531696304	0.00286563457901207	0.0103576615638386	-0.00643939546814374	-0.00299744549911135	0.00570383980614048	-0.0101144858588823	0.0187264028844809
SOAT2	-0.0115329152730026	-0.00867799600558436	0.0979535992342468	-0.00476754872117402	-0.0134549198836781	-0.0427044285115723	-0.00622210691403281	-0.00453794135659039	-0.00543040384117319	-0.000625338727439253
RAB3IL1	-8.46575631798468e-05	-8.55050172564228e-05	-1.70864712523515e-05	-0.000103786239190032	-3.73859683566341e-05	-6.78651509309767e-05	-5.18365401248667e-05	-0.000146002707305133	0.000201062097936703	0.000393063559659549
BATF2	-0.00161413792962747	-0.00285472727923954	-0.00179688496903567	-0.00059280630626204	0.00556248554235322	-0.00295715590150496	-0.000242145974987592	0.00637440220645047	0.000606259443487245	-0.00248528883163376
NT5DC2	0.00222205470102734	-0.0209391373659139	0.01061203543568	0.0215776074212721	-0.0269681800636058	-0.0175058173263502	0.00531336355465221	-0.0279890683952406	0.0123457543519589	0.0413313876865209
CXCL10	-0.00367589762574251	-0.00317519160140694	-0.00276853561405424	-0.00344037264212323	-0.00424067339233548	-0.0043673922746497	-0.00477023954169152	0.0156740208920015	-0.00307058287502083	0.013834864675023
P2RY12	0.00477466971139165	-0.00696451656147457	-0.00437851943097342	0.00848926739790621	-0.0103103142073555	-0.00858749943199965	-0.0155196386596577	-0.00666695566007305	-0.0142255032758486	0.0533890101180856
LDB2	-0.00197469659721349	-9.9634713165901e-05	-0.0236713518801447	-0.00169971029918825	-0.00290387326850023	0.0525245198084566	-0.00867286589675503	-0.00398570005247748	-0.00571641787776787	-0.00380026922324316
ROBO1	0.0156695438016983	-0.0434708411472093	0.0651638587429508	0.00227680156008733	-0.00788998987895886	-0.0143756512526577	-0.0219998246879791	-0.00420404413909578	-0.0036885752375431	0.0125187222387106
LGALS9B	-0.00362892327492707	-0.0024627650778013	-0.0234577395869046	-0.0107229226050234	0.0117022103336894	0.0404465452694622	-0.00658122986779066	-0.00469785110531292	-0.00687547223774128	0.0062781481523494
METTL7B	-0.000782480372825285	-0.00366540923758207	0.00610291230464462	-0.00230207395646948	-4.89740364675889e-05	-0.00682144602115158	-0.00444848694064608	0.00387700614092434	-0.00977867957528314	0.0178676316948562
TMEM37	-0.0158554396203809	-0.0202504814747112	0.0107007294713362	-0.0134712149732625	-0.0249037994804151	-0.00890759098485624	-0.0363344355985205	-0.0553064058697952	0.0178579184369673	0.14647072009364
GPR82	-0.00175576429200187	-0.000337054500929004	-0.00323973027706909	-0.0049747593567015	0.00226630777768133	0.00178577465985969	-0.00449009214078595	-0.00664410832679188	0.00338871112236293	0.0140007153343753
GPR34	-0.0124465120848823	0.00281019826984757	-0.0201560365081832	-0.00835186730890408	0.000788634784207274	-0.000122712112036572	-0.0187527643308421	-0.0407816549368826	0.0298812274944646	0.067131486733211
GATM	0.0315176445926647	-0.0235149004173647	0.0122951463187469	-0.000643798812364977	-0.0167355072862319	-0.00835105764083854	-0.0262208560128377	-0.0556486045563832	0.0621599638061703	0.0251419700084386
CD8B	-0.0169548110191578	-0.0642072982313513	0.163521750051228	-0.0023438688997229	-0.00738579427659228	-0.0394255206249196	-0.0153109032483913	-0.0116152696408507	-0.00170642455052639	-0.00457185955971796
RCAN2	-0.000163981923937115	-0.000471011822730008	0.0202151341465822	0.000456955431128718	9.81269716058326e-05	-0.00824655970719741	-0.00551815260876177	-0.00175567821952832	-0.00135297427978641	-0.0032618579873761
THEMIS	-0.011287776617662	0.0189153926786419	0.0420441263782209	-0.00396248194018331	-0.00800057604179547	-0.0177936695856689	-0.00770185265298071	-0.00425768631490892	-0.00320861091862895	-0.00474686498503485
BNC2	-0.00671243592715544	-0.00750086247810504	-0.0133464980101182	-0.00641549593866368	-0.0051868528374776	0.0471764914322795	-0.0073109868542642	-0.00301881236880164	-0.0041394510873492	0.00645490406965546
CYSLTR1	0.00948609394542348	0.0105109573148737	-0.0328255972035535	0.0022832678834294	0.0110127434571752	-0.000496654301060378	0.00205155021875794	-0.016441887921327	0.0132404073093736	0.00117911929690888
OLR1	-0.00954170978942427	-0.00055860095655472	-0.0131308379186002	-0.0168628409396873	-0.00137867914544962	-0.0123661927517084	-0.00617756388393911	0.0316271190865654	-0.00745435288971863	0.0358436591885166
CCDC36	-0.000230564088207211	-0.000407191488068723	-0.00033460915676115	-0.000692365784693266	0.00228061100833961	-0.000255496413414987	0.000135098783893172	-0.000321219043920274	-0.000399797528799009	0.00022553371163183
CNTNAP2	0.0317171138266729	-0.00453370326845604	-0.00435398146973381	-0.00163775015461255	-0.00385654889186519	-0.00379312729382373	-0.00879429925093883	-0.0019453243314472	-0.000297580978253764	-0.00250479818754208
LINGO2	-0.00704113230860568	0.00357832706837096	-0.049902392915628	-0.0077973754235855	-0.00519385943451796	0.109710051863073	-0.0242609415542294	-0.00337199774616234	-0.00960847239433235	-0.00611220715438092
UGT8	0.0376088535414179	-0.00174318468336791	-0.00286070144853659	-0.00016263052394282	-0.00262262323363406	-0.00601217072831574	-0.0104074726023674	-0.0039408241757964	-0.00371931716129726	-0.00613992898415886
KY	-0.00451337693290196	-0.00428118842297143	-0.00521439148242847	-0.0148713672486479	0.0512477396278727	-0.0056334645465105	-0.00426534494907289	-0.00498629664650132	-0.00470842055010488	-0.00277388884873331
CD248	-0.00461920309637164	-0.00360803794810845	0.0273008808606147	-0.00277481904335539	-0.00057167669583089	-0.00944820746470327	-0.00457354017344083	-0.00286331558056536	-0.00104768607112217	0.00220560521288364
SLC22A1	-0.000825218107349438	-0.000680927330140196	-0.000790669715700908	-0.000893076811275286	0.00490227192896247	0.000542605642698854	-0.00133069569647262	-0.000455196372262659	-0.000360558314252772	-0.000108535224207426
CATSPER1	-0.0146546449858078	-0.00281665460392972	-0.0344412457173831	0.0243607807504944	0.0108050920840484	0.0355856481987674	-0.0200810120269829	-0.00635555213988165	-0.0146004472506073	0.022198035691282
SFN	-4.18660051070995e-05	4.50599060187732e-05	-2.39641354178745e-05	-8.28075048539967e-05	0.000214667567497746	-4.85454480442208e-05	-1.71817309277628e-05	-5.15614605843176e-05	-3.69916282812894e-05	4.31904397000415e-05
NUPR1	-0.0123909140336256	-0.0207072613354442	0.0128781855228535	-0.041712960858789	0.00778180991506553	-0.0232724655986352	-0.0148084767258102	0.0865584694799996	-0.0306625833772679	0.0363361970116555
ZNF683	-0.00812783552502578	-0.0163666871971386	0.0374051000327648	-0.00241024025288474	-0.00611868224147702	0.0183410031172693	-0.00947739729790486	-0.0057377548404239	-0.00250479827438072	-0.00500270752079949
PLA2G16	-0.00377669559066844	-0.00275285893927692	0.00555677372831984	0.00876132137800311	-0.00726837065235153	0.00586968424919834	-0.00426172405464596	-0.00018306392383047	-0.00295635159646607	0.00101128540171803
DIRAS1	0.00700602614634617	-0.00207721417242645	-0.00125691478176639	-0.00265188921964215	-0.000647401853964369	-0.00148796782622105	0.0010052544873692	0.000173361298601955	0.000116005048054867	-0.00017925912635178
BOK	-0.00470269374193567	-0.00321019503226032	-0.0182526527416534	-0.00460831287706936	-0.00784363603768089	0.0562781018752413	-0.0181693648723034	-0.00361915894764885	-0.00380541455423919	0.0079333269295487
PGBD5	-0.00449843165486091	-0.00272909037042259	-0.00357669248233491	-0.010272904784223	-0.00794146687342061	-0.00690440821372923	0.0238305408036248	-0.000728163577081736	-0.00941057300236944	0.0222311901548177
MSC	-0.000167561409565048	0.000481239011423237	0.00634636104888602	-0.0036586207912644	-0.0011039004107793	-0.00593035272846567	-0.0011450956834411	0.00705166956175908	0.00107129172395102	-0.0029450303225039
ALOX15B	-0.0207484764621495	-0.0204153048223718	-0.0122959237115132	0.10071329224373	-0.0386221142202418	-0.0207241533444045	-0.0317930674651552	0.0666266654426165	0.0289771831389719	-0.051718100799484
FCER1A	-0.0193269309342095	-0.00888944309411204	-0.0184549197300343	-0.0120338811701038	-0.0151251915540206	0.0155197333136292	0.0519022051374374	-0.0151328168432735	0.00342002766451756	0.0181212172101693
PIPOX	-0.000241488854383143	-0.000471644104595056	2.54880437231352e-05	-0.000702812856838185	0.000544344861244997	0.000127964147964763	0.000494312120944211	2.76826556853183e-05	-0.000230543798303665	0.000426697784557632
AKAP5	0.000564560817468423	-0.00363600599171897	-0.00159876910152026	-0.00182435759285175	-0.00595015777627073	0.0236964539819197	-0.00617358932659033	-0.00702789904259148	0.00819271998438129	-0.00624295595222656
TDRD6	-0.00861993450288197	-0.0140320470241089	0.0055840565169167	0.106849204925744	-0.0303427683944902	-0.0171093677706384	-0.0352866748345878	0.0106979230812531	-0.00892767229234818	-0.00881271970485814
MB21D2	-0.0191774994222267	0.0519192752004363	-0.0116183314268794	0.00414589019077758	-0.0223139587730907	-0.0206956782489457	0.011928140130644	-0.00405554149278002	-0.00990784837022667	0.019775552212292
MAP3K15	-0.0116252425929538	-0.00476862439543455	-0.00936456477862792	-0.029337475873988	0.0577015505396074	-0.000665294913284309	-0.00418716258926944	-0.012581964355241	-0.00833555680742882	0.0231643357666207
CXCR2	-0.000596694865282398	-0.000588377487275484	-0.000188753600126845	4.2867376058204e-05	0.0016688901682549	0.000712834105322831	-0.000483393180448011	-0.000588110248462093	-0.000130062096299136	0.000150799828258042
FCRL6	-0.0125306163274779	-0.0162026131600925	0.0216495280380954	-0.00686545840642108	-0.00661195225234087	0.0210345955406631	0.00700601938737983	0.000687326388354498	-0.0042763582572307	-0.00389047095093032
CCL13	-0.00363561729916829	-0.00359134193019803	-0.00246264309136885	-0.00917261388686326	-0.00367566992847247	-0.00373136890509721	-0.00477391367128489	0.00276842194610575	0.0334430930480635	-0.00516834628171651
CLDN7	0.00114663868305094	-0.00221737117019049	0.00772057752251228	0.00443121153793936	-0.00506590700674499	-0.00448870981540333	-0.00364176152765235	0.00571650116370331	-0.00392314862851059	0.000321969241296085
RTKN2	-0.0142809999488144	0.0919776831499616	-0.0161373168154025	-0.00672746725421596	-0.0114939505113426	-0.00862351642523583	-0.00935542795316228	-0.00931394005546926	-0.00292741157856158	-0.0131176526077586
TSHZ2	0.00674357713774355	0.0673695086094014	-0.0244444911648908	-0.00659544732330136	-0.0118292591022619	-0.0108466607344367	-0.0107640454131203	-0.00503575356212963	-0.00381552188416615	-0.000781906562838606
EPHB3	-0.00529170424319821	0.00102131521757246	-0.0023073013101715	0.00494214352717537	-0.00517286212414102	-0.00345097643553855	0.0209271819209887	-0.00691462014918705	-0.00106595711570996	-0.00268721928779097
PLCB1	-0.00295147875837214	-0.00122194160740408	-0.000126721287619245	0.00670460795458757	0.000711228310526464	0.00424790285734931	-0.00282971750218754	-0.00195972860993792	-0.000800831278081897	-0.00177332007886056
NDN	-0.000204976801886683	-0.000362526399416638	-4.74351693423339e-05	0.000394648880044824	-0.000433512405623681	-0.000164069703750812	0.000971419474950582	-0.000161480828667423	0.000432986555187096	-0.000425053601494918
VMO1	-0.00176835770752371	0.000878073043435855	-0.00146542595448456	-0.00528944916860001	-0.00163720414280753	-0.00274941357797677	0.00790216748798655	0.00135688866295197	-0.000822586870445433	0.00359530822746363
CADM1	-0.0228061250613836	-0.000644980296673319	0.0199442179259391	-0.0281582629775268	-0.01982020086661	0.0272529524186253	-0.0133009399615789	0.0075916745919059	-0.0763557544465878	0.106297418673888
SPNS2	-0.00138678740274089	-0.000900563666116217	0.0016433760050435	-0.00177064805116185	0.00487371151535882	-0.00129125823596919	0.0006944139101484	-0.00143613394300993	-0.000913565457071716	0.000487455325519152
MCEMP1	-0.00454296128837082	-0.00724557162540245	0.00199806289956573	0.0508155378539597	0.0261455257008875	-0.00367001650218153	-0.0171798421588985	-0.0146844324032013	-0.00452071142446366	-0.0271155910518954
PTGDR2	-0.0178177064854677	0.00577195380854604	0.0018705728862942	-0.017863969000828	-0.00558616127972014	0.00146293815313122	0.0520678890057978	-0.0107736254012506	-0.00642662617745028	-0.00270526550905361
GPR19	-0.00182697396306917	0.00447441166834271	-0.00218965139998293	-0.00221451107145309	0.00787257537923854	0.00102993182699258	-0.00191050593633328	-0.00149469865023334	-0.0012826153042863	-0.00245796254921579
TMEM119	-0.0307711230025388	0.017774723172653	-0.00890814601608595	0.00120807909017473	0.0451457140029741	-0.000581628907668246	-0.0144052241196708	-0.0100114243921791	-0.0361944345028208	0.0367434646751612
GBP6	-0.00594577967270001	-0.00982457053005491	0.00506294506940118	-0.0205984056700761	0.0675841720173065	-0.0108988459231187	-0.00403707345554966	-0.00752636524561908	-0.00845986816347125	-0.00535620842611745
KLRC4	-0.0148344816619211	-0.055660221319264	0.0787208901087149	-0.00890958075266749	-0.0158753125680686	0.0680810128948256	-0.0252156569254395	-0.00170384995848065	-0.0110792431360586	-0.0135235566816428
EFHC2	-0.003486099800761	0.00124416122378558	-0.00130737471535641	-0.00441060999507361	0.00716177097563577	0.00651567888174547	-0.00239694935441015	-0.00140590479690008	-0.00128455152291401	-0.000630120895751454
CCR4	-0.00423533169290733	0.018218987000102	0.00605022977433252	-0.00115065069823953	-0.0018330926485532	-0.00614332028731044	-0.00295745058246489	-0.00274404604553931	-0.00155461779405531	-0.00365070702536417
NCF4-AS1	-0.00670542181874592	-0.00659556287947245	-0.00530729714513551	-0.00937910273925986	0.0545226979028053	-0.00659559784866957	-0.0024590154070067	-0.00729715550565526	-0.00424694252192641	-0.00593660203693417
ST6GALNAC3	0.00282234854029898	-0.00255546480321742	0.00168364212491287	0.00600685239283657	0.00642720681356384	-0.00501988524617464	-0.00372576028005942	6.14779035500915e-06	-0.00255593973625138	-0.00308914759626438
TREML3P	-0.00436948706814356	-0.00889445888010784	0.000936777865242674	0.0223641762474293	0.0339330975977673	-0.00433065283223351	-0.0125896576353484	-0.00919348042263834	-0.00372041508623318	-0.0141358997857345
PCDH9	0.0147428643270764	-0.00348608877816976	-0.00302066955871138	-0.00325973895601987	-0.00220473768432271	-0.000245421837063567	-0.000799013906766373	-0.00148224612569184	-0.00093520010706505	0.000690252626733619
CCSER1	0.00113756087194208	-0.000465217604660633	-0.000327741237449849	-0.000293062463842344	-0.000120312012703834	-0.000430354322058465	0.00123225195416955	-0.000207060999974212	-2.55576104106519e-07	-0.000525808609318181
F8	-0.000905421745506307	-0.000694166420514108	0.00178317603203329	0.00154152133960406	0.00219289297060295	-0.00170004177868466	-0.000823131565534761	0.000234262390018564	-0.000235594731746109	-0.00139349649027298
CA13	0.00692285598126499	-0.00318232537315643	-0.00384591148352171	0.0100546990517786	-0.00468547419089028	0.0112395557093371	-0.00774609807884685	-0.00385139546500413	-0.000988137875838465	-0.00391776827512233
PRSS57	-0.00315627319912937	0.00483756645483865	-0.0223678423731211	0.00587389052593122	-0.00805131816719614	0.0498874810385536	-0.0122492569792145	-0.0142458120169229	-0.00929686896843116	0.00876843368469188
SOCS1	0.0125944519333259	0.0172647065343204	-0.00690570214767664	-0.0260933327057022	-0.000246652765216219	0.0197671790813775	-0.0324533291720182	0.0174931200888696	0.0382323430365165	-0.0396527838837961
OLFML2A	0.00916315996422466	-0.00257154653741692	-0.00297014883889341	0.00634499464426123	-0.000877455540255371	-0.00174452089204138	-0.0031137502377788	-0.00202488020100469	-0.000512477045204514	-0.00169337531589082
FFAR3	-0.000402522109551196	-0.00154605135194791	0.000763627298593306	-0.00125307576236829	0.00456858910711774	-0.0011159413757104	-0.0010306928257642	-0.00210961883952777	-0.00172664564014643	0.0038523314993053
MARC1	-0.0036941307190006	-0.00643952883988078	7.19424716928022e-05	0.034889655716197	0.0238178744076023	-0.00488141183828801	-0.013226191484567	-0.00965065850594055	-0.00298989544050877	-0.017897655767306
BTLA	0.0193279312156571	0.00663402855288049	0.00149967522393293	-0.00516323509293066	0.00353979938794993	-0.00955135499953691	-0.0068153489980659	-0.00316070492225817	-0.00168126028389212	-0.00462953008373754
C9orf47	-6.46747097842182e-05	-0.000154062345892129	-9.41102143239975e-05	0.00223979878803009	-0.000354565171827289	-0.000248805361897464	-0.000796459570038573	-0.000385581107887569	-0.000284275154819845	0.000142734848441046
TNFRSF4	-0.0108609341245384	0.0415118998654438	-0.0346794930168546	-0.0200130432289719	0.00663965328145082	0.0311165793004871	-0.0205336842145269	0.0130964737113845	-0.0111050163780481	0.00482756480417396
TNFRSF18	0.0178280869778828	0.0251083312141084	-0.0372585207956111	-0.0293464061237695	-0.0273655288384646	0.0533074638054278	-0.0382100963435521	0.0420202643550539	0.0024587997344348	-0.0085423939855101
PLEKHG7	0.00105421539781858	7.29378104101199e-05	-0.000220626404094934	-6.42314005759272e-06	-9.5129688277048e-05	-4.98744223345313e-05	-0.000393350799197838	-9.52130294254177e-05	-9.43112669164792e-05	-0.000172224457924839
TCL6	0.0311936078742621	-0.00097688303805893	-0.00557880228045752	0.000936858509897385	-0.0028058136261814	-0.00521881779220174	-0.00964148926170748	-0.00145746580079657	-0.000994453390515414	-0.00545674119424091
TTC24	0.0176595953080468	-0.0108964705399118	0.0311410482571018	-0.00280254951340394	-0.0104960549216885	-0.000383473175775234	-0.0137982601555849	-0.00686997056603883	-0.00348665070957752	-6.72139831672808e-05
LCN10	0.00540512900752295	-0.000177943884544077	0.000264706229790335	-0.000938262416289378	-0.000995980135842242	-0.000593885994405647	-0.00200420826719834	-0.000843955752991209	-0.000648692936006415	0.000533094149964029
RAB42	-0.00414927405728667	-0.000833275807252394	0.00123145143416694	-0.0202031325257897	0.0088649455234302	-0.00779778685429251	-0.0120526965636117	-0.0117076939316184	-0.00584593989454968	0.0524934026768036
INSC	-0.00368306840294902	-0.00329930677052891	-0.00498662146204557	-0.0189386571708039	0.0544262892322863	-0.00295840112685098	-0.0055350481370736	-0.00620628259882699	-0.00657456057299064	-0.00224434299021629
CNR2	0.0136582912601395	-0.00791485052483281	0.00550628502315975	-0.00282881139069121	0.0024726663613795	0.00287830206844264	-0.00776716102484575	-0.00240174382733633	-0.00143772004701453	-0.00216525789840109
BEND4	0.0560574154393975	-0.0107427409962621	0.00406368064564709	-0.00199623020744753	-0.00814225010366062	-0.00516208366607059	-0.0178963953503401	-0.00500862376939542	-0.00369973478719544	-0.00747303720467209
MAOA	-0.0110701141578814	-0.01394731664651	0.00406299789640623	0.00145588913629318	0.010764839529164	-0.0185509141568024	-0.016161822855527	-0.000643852602430427	0.109244804195811	-0.0651545103385223
KAZN	4.37816718531511e-05	-0.00141371044526775	-0.000814197750668548	-0.00194168147222731	0.0065375545592427	8.00266139555231e-05	-0.00146074923470304	-0.00150720737064041	-0.000764918787485994	0.00124110221594172
NCR1	-0.00150801590124568	-0.00206519212360165	0.000675191494439552	-0.00170235075777499	0.00186041452236862	0.00535017648569822	-0.00108063576231456	-0.000787747960282885	-0.000620094749095183	-0.000121745248191302
PAX5	0.0366197222848484	-0.00680315427773491	-0.0010354859322493	-0.00233933395688085	-0.00170660516406007	-0.00719842218212237	-0.0109624325536474	-0.00321275374036391	-0.00211003032244103	-0.00125150415534918
AKR1C3	-0.0145964215517988	0.00524829098691412	-0.0202368778157498	-0.0105267182023122	0.00710658095593611	0.056978929976444	-0.0151118756035843	0.0127608423839083	-0.0106845442658272	-0.0109382068639312
FAT4	-0.00600492100619995	0.00380817305195558	-0.0353239279165307	-0.00599095469003518	-0.00799361303699686	0.0766068392695958	-0.0146209433654063	-0.0011763795088245	-0.00624143930221074	-0.00306283349534653
COLCA1	0.0638932431763705	-0.0049725685908601	-0.00977934234288975	0.00630026902479626	-0.00352859510146129	-0.00510021228248658	-0.0219318554630558	-0.00824906780821698	-0.00299793877774835	-0.0136339318344471
SEMA4A	0.000388965736946146	-0.0028730200273676	0.00240816873476643	0.0012114961946374	0.00150755520107928	-0.00271021506648959	-0.000197908083968251	0.000314300308483777	0.000796607647006698	-0.000845950645094325
HRH1	-0.00661518678225943	0.000800555656457786	-0.00608964408687217	-0.0133626598777033	-0.0140088487989753	-0.0119664176513018	-0.0182420995100544	0.00369141944720299	0.0945540105808255	-0.0287611289773191
TLR7	0.00725807550503463	-0.00335633946874568	-0.00327261672331475	0.00715172668561958	-0.00451882638571005	-0.00558830794607161	0.000690442653573964	-0.00204224231809187	-0.00456043556595181	0.00823852356365755
DTHD1	-0.00819818322354156	-0.0113652092623064	0.0173670011344802	-0.00394559070280062	-0.00388634465108368	0.0285239053948349	-0.00708052996794298	-0.00424639750697159	-0.00197983471475395	-0.0051888164999143
GAL3ST4	-0.0106746971360621	0.0310180281433196	0.0268098439635961	-0.0383489511141537	0.0257415082021486	-0.0348456500081326	-0.0275390851386937	-0.0408300495567468	-0.0112625026244422	0.0799315552691652
ZNF860	0.0503133068680637	-0.00100522431528892	-0.0128480059135274	-0.000859080398644946	-0.0053308784562865	-0.00123904098673913	-0.0156384950695598	-0.00416516697899561	-0.00274652733339137	-0.00648088741562953
COL13A1	-0.0170695085186702	0.00215679546143872	-0.0584698385015273	-0.0287101829148464	0.028820746736799	0.101948133974187	-0.0314253584995339	-0.00617626292721476	-0.00734916020662052	0.0162746353959897
FAM177B	0.0652309617084456	-0.0123191274988086	-0.0141344667412953	-0.0159112331912447	0.0383965584071248	-0.015491136712731	-0.0275877582150428	-0.00818406607152627	-0.00658415727001455	-0.00341557441490736
SERPINB2	-0.0220443145961434	-0.0264262950953195	-0.0243034410369189	0.103311742252674	-0.022936066983186	-0.000101419496326027	-0.0524963004270075	0.0185728520219322	-0.0993986066718589	0.125821850032152
KLHL14	0.0360949572953347	-0.00459178756510323	-0.00395883613740551	-0.000972385723276912	-0.00369489668926508	-0.00489103511254945	-0.0109089488428232	-0.00257147364872571	-0.00150773768708422	-0.00299785588910127
KEL	-0.000257871568321893	0.00070362445133845	-0.00121904984850593	-0.0127456221493085	0.0134495670467081	-0.00586588359553254	0.0150711093934675	-0.0020320454854711	-0.00287454247108	-0.00422928577329402
SH3BGRL2	-0.0277672100608011	-0.0444929367436142	0.177003237337616	-0.00973845372005585	-0.0201234607267309	-0.0460031002998792	-0.0119817677876509	-0.00815507822111299	0.00255622808164281	-0.0112974578594084
SH2D1B	-0.0112709761249829	-0.010161936676763	-0.0101672690095205	-0.012904250308304	-0.00303866501060524	0.0408893163994369	0.0178301372861276	-0.00335071590665477	-0.00264972965489249	-0.00517591099384173
F5	-0.00899200891657918	0.0233778337277309	-0.0126779310753443	0.0234489463695055	0.0161113538346348	-0.00713588097396119	-0.0118571151616274	-0.0105008523377884	-0.00491703552568794	-0.00685730994088264
HLA-DOA	0.000802717934856267	-0.000424371356575524	0.000465197501789521	-7.13313299540827e-05	-0.000571074938954782	-0.000481248699083208	-0.000134254618251964	6.11255123299168e-05	0.000162082782024236	0.000191157211819611
GPR20	-1.38583306213799e-06	1.42589216231221e-05	-1.03569457749666e-05	-0.000196985823532006	-4.85528378906343e-05	-3.69704078753163e-05	0.000301526758129586	-5.03105003032188e-05	-4.88598384368019e-05	7.76365071223667e-05
KLRC2	-0.00256932317533569	-0.00885738236949104	0.0103376872261845	-0.00144528583185936	-0.00136333187613777	0.0128781244125468	-0.00332105601982779	-0.00247501625406569	-0.00126520439679806	-0.00191921171521614
KLRC3	-0.00978680594413059	-0.0195548811955538	0.0089941545844114	-0.010056087444603	-0.00840409220142493	0.0605020470433945	-0.00932035289057811	-0.00487117236768093	-0.00455543392963405	-0.00294737565419891
CLEC6A	-0.00571564670864067	-0.00641254344118551	-0.0037074116979659	0.012763476694145	-0.00218808043617051	-0.0101121485479398	-0.0052324631064788	0.032667774608354	-0.0127018314606458	0.000638874096527848
ANKUB1	-0.00244071626122539	-0.00201107870717735	-0.00190995064668748	-0.00624501397947433	0.0211568851118997	-0.00318437475874881	-0.000831226447426802	-0.00520366261398142	-0.00341557731969773	0.00408471562251984
UBD	-0.00515328246907896	-0.00660865028186524	-0.00355209966880557	-0.0109622655180884	-0.00550124882752874	-0.0027996595565905	-0.00624217423402193	0.0486240662796271	-0.00887815076407302	0.00107346504042483
TCL1B	0.0237245233438812	-0.00279209562393126	-0.00603375641945156	-0.00468725771126051	0.000790070002976879	-0.00142563015688816	-0.00884977187479262	0.000591920012554513	-0.00430921591024374	0.00299121433715465
AC068050.1	0.00371068886549014	-0.00512382297184101	-0.00121402040389175	0.0933649418245198	0.00233674823128387	-0.00518837016149478	-0.0486287505401014	-0.014009739674353	-0.00149391332802835	-0.0237537618415823
S1PR3	-0.00590404130989776	-0.00764129176413423	-0.00555890938323836	0.0458809672654928	0.00136941431463976	-0.00916769033239423	-0.0217001382080676	0.00587204619066853	-0.00671534214361647	0.00356498537054764
KLRK1	-0.00645940174164393	-0.0653734420916444	0.0857654949201949	-0.0172955468021317	-0.00556738283619454	0.0401245235234996	-0.0193230654212979	0.00221188507224523	-0.0050913812975351	-0.00899168332549461
AC120057.1	-0.00136563945862624	-0.00091605258671566	-0.000580963033530671	0.0107152662777126	-0.00119111989198427	-0.00155493336483699	9.4744882453441e-05	-0.00147054336632597	-0.000122995149226953	-0.00360776430891902
PRCD	5.26483451183012e-05	-3.1494561738009e-05	3.92490250132305e-05	-8.65095843374765e-06	6.76843218669287e-06	-1.08032774665645e-05	-3.39536848319696e-05	-3.55924565566629e-06	-1.37335128933034e-05	3.52943870103575e-06
ANG	-0.0037475330667828	-0.00902934104693759	-0.00102571946256995	0.0278919259119509	-0.0149705961046155	-0.0178561228381547	-0.0144252329361221	0.026311474806766	-0.0124987847694139	0.0193499295058788
MEG3	-0.00995363178660216	-0.00817110313735665	-0.00538904985857514	-0.0100012529801655	-0.00651445942932748	-0.00375124965865881	0.0626392593372632	0.0063216727344469	-0.00454475969955276	-0.0206354255214715
HIST1H1PS1	-0.000269885512738303	-0.000263053943353293	-0.000259925822919302	-0.000432979759972287	0.00231139152885186	-0.000297013043120531	-3.17747980970548e-05	-0.000321572612239722	-0.00018449316065643	-0.000250692875754937
AL031777.1	-0.00293640056462689	-0.00380093869689828	-0.00350731420611055	-0.00614254930942208	0.0350154898433662	-0.00429951897552646	-0.00303693366152758	-0.00493232738705467	-0.00255810772046418	-0.0038013993217359
TAS2R40	-0.00197302367621488	-0.00273650954981719	-0.000278656780850731	-0.00160879849848006	0.0147437048543724	-0.00245445725002373	-0.00135812548281348	-9.07143041696592e-06	-0.00232032159863673	-0.0020047405871186
RN7SKP16	-0.00408868541159618	-0.00402490848871265	-0.00248658080892509	-0.00513578792821535	0.0318400083140521	-0.00489790347045799	-0.00103650225596916	-0.00424660402258519	-0.00207050464986922	-0.00385253127772111
SIRPB3P	-0.00309410113715066	-0.00322861154589304	-0.000136640315592393	-0.00595305235296344	0.0236295216435782	-0.00306156209602447	-0.00106016620663091	-0.00307631459641618	-0.00171405788650708	-0.00230501550640017
AC008074.1	-0.00685818447877335	-0.00691197815699524	-0.00504266582481501	-0.0153380888522937	0.059168192150491	-0.00713333296393075	-0.000406201031927007	-0.00761859526921578	-0.00438642847001868	-0.00547271710252228
AC104809.1	-0.0112465476272432	-0.00654821391802293	-0.00712365785481967	-0.0342432211132727	0.0182074808521577	-0.0157506275919693	0.0810996015506837	-0.00684740066584233	-0.00364097638098046	-0.0139064372506902
AC099552.2	-0.0198978643101677	-0.00837437591255783	-0.0108763518743304	-0.0641159003028477	0.017587316320724	-0.0259472172884526	0.139615710477625	-0.00591179941329442	-0.00252328923919242	-0.0195562284575062
AP001434.1	-0.00346330706570556	-0.00407718290932842	-0.00248300149206803	-0.00345967807207287	0.0288220731625594	-0.00409096507370981	-0.000704882122459032	-0.00434983726985391	-0.00240401237150008	-0.00378920678586135
LINC00937	-0.00180237397095677	-0.00203222278539832	0.000585628855662713	0.0107010420504174	0.00486634587439987	-0.00144604719407294	-0.0028890512187686	-0.00276626950436807	-0.000890716870302159	-0.00432633523661302
MROH5	-0.00208675899854783	-0.000481982302612406	-0.00460927730297129	-0.0129557520744565	0.0111259189696449	-0.00653740502183651	0.0267747223864911	-0.00274913618798442	-0.00117597137890106	-0.00730435808882606
SLC9A7P1	-0.00537288349368712	-0.00939186470153691	-0.00978471761499822	0.0692044247415495	-0.00792479361841683	-0.00972480199636978	0.0260962270015131	-0.012759902997416	-0.00225485227930717	-0.0380868350413302
CCDC26	-0.00244440597313094	-0.00135787261222026	-0.00136900662866863	-0.00739882717354275	0.0056155408952698	-0.00333670712343112	0.0161252561120807	-0.00174571551679631	-0.0008770544530656	-0.00321120752649506
NFE4	-0.00210952153190823	-0.00248376326844805	-0.000365176769745576	-0.00263291970896169	0.0152202379031086	-0.00222502926352833	-0.000512958556311812	-0.00210333804172167	-0.00119258017651706	-0.00159495058596629
AL049651.1	-0.0175406469026671	-0.0153448475968192	-0.0137342159186966	-0.0451440290942868	0.123406663324651	-0.021809530161654	0.0259028308583021	-0.0146350681470344	-0.00849274776004142	-0.0126084086017526
CSF2RBP1	-0.001275218263332	-0.0012349314047701	-0.00149180417267322	-0.002803577738915	0.0134838801781931	-0.00158545078897045	-0.00119941547383694	-0.00179064498431624	-0.000947560760846029	-0.00115527659053318
CYP1B1-AS1	-0.0062702132405013	-0.0108479230473334	-0.00179043362401566	0.0561495725306248	0.0234907274208607	-0.0076205332613006	-0.00729126113570332	-0.0134951214809734	-0.00371743054229223	-0.028607383619365
LINC01271	-0.000248383240057338	-0.00105967272973627	-0.000987584712925503	-0.000553021210456476	0.00699277395890604	-0.00115395414817066	0.00062647582108318	-0.00127838186508916	-0.00062329545431414	-0.00171495641923973
AC002511.2	-0.00155647010307962	-0.00158332143849356	-0.00140748636005717	-0.00237731132306903	0.0139800609157464	-0.00176064452773643	-0.000370653071485716	-0.00214278743230845	-0.00105705092507396	-0.00172433573444231
AL359815.1	-0.00407309059951235	-0.00471422761981094	-0.00513479464048641	-0.00790199048599998	0.0483271520601127	-0.00592939744982126	-0.00434626811433788	-0.0070163576959155	-0.00344969496873001	-0.00576133048549763
ANAPC1P1	-0.00366628748681105	-0.0763618969921761	0.151611829587653	0.0137062138141549	0.0257140072896396	-0.0400775986749862	-0.00474100702756651	-0.024312170051633	-0.00732847009189085	-0.0345446203663818
AL121761.1	0.000723354434654323	-0.00395848937778833	-0.00338805714199181	0.0677244767644261	0.00921129604852557	-0.00427858797482678	-0.0283363134993355	-0.0137050197017892	-0.0034682595926861	-0.0205243999591879
ZEB2-AS1	6.79869753459256e-05	-0.000231961451346546	-0.000168417498770853	0.00116044087888769	0.000167103313734723	0.000247070169633673	-0.000158443934401996	-0.000345293328277422	-0.000138953342951157	-0.000599531781854054
MRC1	-0.00438262716680012	-0.00286005054468869	-0.00138286178303207	-0.0133367231156213	-0.0056549939936566	-0.00191712176499524	-0.00591099822018081	-0.0264361653940624	0.0417759271018178	0.0201056148812191
MMP12	-0.00537025142030663	-0.00685117892499202	-0.00328958428319966	-0.00737808934806248	-0.00677876836136639	-0.00386908851542516	-0.00459324682564802	0.00763813592958245	0.0577171450921806	-0.0272250733427624
AC011511.5	-0.00363788172420407	-0.00193919551205814	-0.000889690853678657	-0.00709896436241512	-0.00169433779924038	-0.00416581581940614	0.020130674030015	0.000904613644022159	0.000557828510798531	-0.00216723011383325
AC006486.1	-0.000748557420696089	-0.000103124781936261	0.00018704954836215	-0.00230480973781187	-0.000426189920533406	0.000674183125676021	-0.000726314481209805	-0.00211706196368686	-0.00145659939271453	0.00702142502455073
NUDT3	-0.00451289548006004	-0.00493580138944166	-0.00452373121859358	-0.0178360085731746	-0.00697919526837513	-0.00604046453626118	-0.00547723632052987	0.0188979950052846	0.00335616314771768	0.0280511746334336
ADORA3	-0.0201517536704582	-0.0172874331264914	-0.00755376015544317	-0.0421666170975972	-0.0166564276427963	-0.013366023459673	-0.017764342422492	-0.0513787448036123	0.063314083613451	0.123011018765108
