"Genes" "ID" "B1_D" "B1_H" "B1_L" "B10_L" "B11_L" "B12_L" "B13_L" "B14_L" "B15_L" "B16_L" "B17_L" "B18_L" "B2_D" "B3_D" "CD4_1_D" "CD4_1_L" "CD4_1_Z" "CD4_10_L" "CD4_11_L" "CD4_12_L" "CD4_13_L" "CD4_14_L" "CD4_15_L" "CD4_16_L" "CD4_17_L" "CD4_18_L" "CD4_2_D" "CD4_2_Z" "CD4_3_D" "CD8_1_D" "CD8_1_L" "CD8_1_Z" "CD8_10_L" "CD8_11_L" "CD8_12_L" "CD8_13_L" "CD8_14_L" "CD8_15_L" "CD8_16_L" "CD8_17_L" "CD8_18_L" "CD8_2_D" "CD8_2_Z" "CD8_3_D" "CD8_3_Z" "D1_H" "D1_P" "D2_H" "D2_P" "D3_H" "D4_H" "D5_H" "D6_H" "M1_1_B" "M1_1_X" "M1_2_B" "M1_2_X" "M2_1_B" "M2_1_X" "M2_2_B" "M2_2_X" "Mo1_D" "Mo1_H" "Mo1_L" "Mo1_P" "Mo10_L" "Mo11_L" "Mo12_L" "Mo13_L" "Mo14_L" "Mo15_L" "Mo16_L" "Mo17_L" "Mo18_L" "Mo2_D" "Mo2_P" "Mo3_D" "MQ1_X" "MQ1_Z" "MQ2_X" "MQ2_Z" "MQ3_Z" "Ne1_H" "Ne1_L" "Ne10_L" "Ne11_L" "Ne12_L" "Ne13_L" "Ne14_L" "Ne15_L" "Ne16_L" "Ne17_L" "Ne18_L" "Nk1_D" "Nk1_H" "Nk1_L" "NK1_Z" "Nk10_L" "Nk11_L" "Nk12_L" "Nk13_L" "Nk14_L" "Nk2_D" "Nk2_L" "Nk3_D" "Nk3_L" "Nk4_L" "Nk5_L"
"ABCB4" "ENSG00000005471" "ABCB4" 33 54 49 52 34 48 50 67 45 46 53 58 28 44 0 0 0 0 0 0 0 0 0 0 0 0 0 0 0 0 0 0 0 0 0 0 0 0 0 0 0 0 0 0 0 2 8 4 10 2 2 4 4 1 0 1 0 1 8 1 3 0 0 0 0 0 0 0 0 0 0 0 0 0 0 0 0 7 2 0 0 0 0 0 0 0 0 0 0 0 0 0 0 1 0 0 1 0 0 0 0 0 1 0 0 0 0 0
"AC002511.2" "ENSG00000233214" "AC002511.2" NA 0 0 0 0 0 0 0 0 0 0 0 NA NA NA 0 NA 0 0 0 0 0 0 0 0 0 NA NA NA NA 0 NA 0 0 0 0 0 0 0 0 0 NA NA NA NA 0 0 0 0 0 0 0 0 NA NA NA NA NA NA NA NA NA 0 1 0 0 1 0 1 0 0 0 1 0 NA 0 NA NA NA NA NA NA 23 7 9 6 12 23 13 8 13 9 7 NA 0 0 NA 0 0 0 0 0 NA 0 NA 0 0 0
"AC006486.1" "ENSG00000268643" "AC006486.1" NA NA NA NA NA NA NA NA NA NA NA NA NA NA NA NA 2 NA NA NA NA NA NA NA NA NA NA 2 NA NA NA 1 NA NA NA NA NA NA NA NA NA NA 6 NA 1 NA NA NA NA NA NA NA NA NA NA NA NA NA NA NA NA NA NA NA NA NA NA NA NA NA NA NA NA NA NA NA NA NA 14 NA 19 8 NA NA NA NA NA NA NA NA NA NA NA NA NA NA 13 NA NA NA NA NA NA NA NA NA NA NA
"AC008074.1" "ENSG00000223935" "AC008074.1" NA 0 0 0 0 0 0 0 0 0 0 0 NA NA NA 0 NA 0 0 0 0 0 0 0 0 0 NA NA NA NA 0 NA 0 0 0 0 0 0 0 0 0 NA NA NA NA 0 0 0 0 0 0 0 0 NA NA NA NA NA NA NA NA NA 0 0 0 0 0 0 0 0 0 0 0 0 NA 0 NA NA NA NA NA NA 52 6 6 8 14 20 21 4 9 9 6 NA 0 0 NA 0 0 0 0 0 NA 0 NA 0 0 0
"AC011511.5" "ENSG00000267607" "AC011511.5" NA 0 NA NA NA NA NA NA NA NA NA NA NA NA NA NA NA NA NA NA NA NA NA NA NA NA NA NA NA NA NA NA NA NA NA NA NA NA NA NA NA NA NA NA NA 48 0 47 0 48 46 47 48 NA NA NA NA NA NA NA NA NA 2 NA 0 NA NA NA NA NA NA NA NA NA NA 0 NA NA NA NA NA NA 3 NA NA NA NA NA NA NA NA NA NA NA 0 NA NA NA NA NA NA NA NA NA NA NA NA NA
"AC068050.1" "ENSG00000213557" "AC068050.1" NA 0 0 0 0 2 0 0 2 0 0 0 NA NA NA 0 NA 0 0 0 0 0 0 0 0 0 NA NA NA NA 0 NA 0 0 0 0 0 0 0 0 0 NA NA NA NA 0 0 0 0 0 0 0 0 NA NA NA NA NA NA NA NA NA 12 9 11 0 3 9 6 11 8 8 10 11 NA 20 NA NA NA NA NA NA 0 0 0 1 0 1 0 1 1 1 1 NA 0 0 NA 0 0 0 0 0 NA 0 NA 0 0 0
"AC099552.2" "ENSG00000225612" "AC099552.2" NA 0 0 0 0 0 0 0 0 0 0 0 NA NA NA 0 NA 0 0 0 0 0 0 0 0 0 NA NA NA NA 0 NA 0 0 0 0 0 0 0 0 0 NA NA NA NA 46 0 45 0 46 86 45 46 NA NA NA NA NA NA NA NA NA 0 0 0 0 0 0 0 0 0 0 0 0 NA 0 NA NA NA NA NA NA 0 0 1 1 1 1 1 1 1 1 1 NA 0 0 NA 0 0 0 0 0 NA 0 NA 0 0 0
"AC104809.1" "ENSG00000223991" "AC104809.1" NA 0 0 0 0 0 0 0 0 0 0 0 NA NA NA 0 NA 0 0 0 0 0 0 0 0 0 NA NA NA NA 0 NA 0 0 0 0 0 0 0 0 0 NA NA NA NA 12 0 6 0 6 12 12 7 NA NA NA NA NA NA NA NA NA 0 0 0 0 0 0 0 0 0 0 0 0 NA 0 NA NA NA NA NA NA 0 0 1 1 1 1 1 1 1 1 1 NA 0 0 NA 0 0 0 0 0 NA 0 NA 0 0 0
"AC120057.1" "ENSG00000213876" "AC120057.1" NA 0 0 0 0 0 0 0 0 0 0 0 NA NA NA 0 NA 0 0 0 0 0 0 0 0 0 NA NA NA NA 0 NA 0 0 0 0 0 0 0 0 0 NA NA NA NA 12 0 6 0 12 6 11 6 NA NA NA NA NA NA NA NA NA 88 9 8 6 10 10 10 7 10 7 9 7 NA 8 NA NA NA NA NA NA 0 3 0 1 0 1 0 1 1 1 1 NA 2 0 NA 0 0 0 0 0 NA 0 NA 0 0 0
"ADAMTS1" "ENSG00000154734" "ADAMTS1" 0 0 0 0 0 0 0 0 0 0 0 0 0 0 1 0 10 1 0 0 0 0 1 0 0 0 0 0 0 2 4 6 0 1 3 3 1 1 1 0 0 0 0 0 1 0 NA 0 NA 0 0 0 0 0 0 0 0 0 0 0 0 0 0 0 NA 0 0 0 0 0 0 0 0 0 0 NA 0 0 1 0 0 0 1 0 0 3 0 0 0 0 0 0 0 45 60 28 22 38 28 9 27 3 35 11 36 33 34 24
"ADAMTS5" "ENSG00000154736" "ADAMTS5" 0 0 0 0 0 0 0 0 0 0 0 0 0 0 0 0 0 0 0 0 0 0 0 0 0 0 0 1 0 0 0 0 0 0 0 0 0 0 0 0 0 0 0 1 0 0 NA 0 NA 0 0 0 0 0 NA 0 NA 0 NA 0 NA 3 16 10 NA 0 1 9 2 7 6 5 7 5 8 NA 7 NA 1 NA 0 0 0 2 0 0 0 0 0 0 0 0 0 0 0 0 0 0 0 0 0 0 0 0 0 0 0 0
"ADORA3" "ENSG00000282608" "ADORA3" 0 NA NA NA NA NA NA NA NA NA NA NA 0 0 0 NA 0 NA NA NA NA NA NA NA NA NA 0 5 0 0 NA 1 NA NA NA NA NA NA NA NA NA 0 2 0 0 NA NA NA NA NA NA NA NA 2 0 2 0 64 94 68 190 8 NA NA NA NA NA NA NA NA NA NA NA NA 2 NA 2 148 294 148 125 23 NA NA NA NA NA NA NA NA NA NA NA 0 NA NA 1 NA NA NA NA NA 0 NA 0 NA NA NA
"ADTRP" "ENSG00000111863" "ADTRP" 0 2 0 0 0 0 0 0 0 0 0 0 0 1 34 58 26 140 64 50 45 82 47 50 90 109 40 4 19 3 5 86 48 6 6 7 8 6 4 6 20 6 72 0 1 1 NA 0 NA 0 1 1 0 NA 1 NA 0 NA 1 NA 0 0 0 1 NA 0 0 0 0 1 1 0 0 0 0 NA 0 1 0 0 1 0 1 2 0 0 0 0 0 0 0 0 2 0 0 0 0 0 0 0 0 0 0 0 0 0 0 0
"AKR1C3" "ENSG00000196139" "AKR1C3" 0 0 0 0 0 0 0 0 0 0 0 0 0 0 1 2 5 2 2 2 1 2 2 3 2 2 0 0 0 1 1 8 1 1 2 2 2 1 5 1 0 0 1 0 4 0 NA 0 NA 0 0 0 0 6 0 6 0 0 0 0 0 0 0 0 NA 1 1 0 0 1 2 0 0 1 0 NA 0 0 0 0 0 0 2 0 7 10 3 5 3 0 7 4 6 36 166 42 110 46 74 40 72 17 17 62 21 66 51 48
"AL031777.1" "ENSG00000217275" "AL031777.1" NA 0 0 0 0 0 0 0 0 0 0 0 NA NA NA 0 NA 0 0 0 0 0 0 0 0 0 NA NA NA NA 0 NA 0 0 0 0 0 0 0 0 0 NA NA NA NA 0 NA 0 NA 0 0 0 0 NA NA NA NA NA NA NA NA NA 0 0 NA 1 0 0 0 0 0 0 0 0 NA NA NA NA NA NA NA NA 22 7 9 8 10 11 10 14 7 7 6 NA 0 0 NA 0 0 0 0 0 NA 0 NA 0 0 0
"AL049651.1" "ENSG00000230492" "AL049651.1" NA 0 0 0 0 0 0 0 0 0 0 0 NA NA NA 0 NA 0 0 0 0 0 0 0 0 0 NA NA NA NA 0 NA 0 0 0 0 0 0 0 0 0 NA NA NA NA 1 0 1 0 2 2 1 1 NA NA NA NA NA NA NA NA NA 0 0 0 0 0 0 0 0 0 0 0 0 NA 0 NA NA NA NA NA NA 77 16 9 26 18 15 13 16 18 11 10 NA 0 0 NA 0 0 0 0 0 NA 0 NA 0 0 0
"AL121761.1" "ENSG00000233895" "AL121761.1" NA 0 0 1 0 1 1 0 0 0 0 0 NA NA NA 0 NA 0 0 0 0 0 0 0 0 0 NA NA NA NA 0 NA 0 0 0 0 0 0 0 0 0 NA NA NA NA 0 0 0 0 0 0 0 0 NA NA NA NA NA NA NA NA NA 2 3 6 4 6 8 6 4 6 3 7 6 NA 12 NA NA NA NA NA NA 0 1 1 1 1 2 1 1 1 1 1 NA 0 0 NA 0 0 0 1 0 NA 0 NA 0 0 0
"AL355922.1" "ENSG00000136315" "AL355922.1" NA NA 0 0 0 0 0 0 0 0 0 0 NA NA NA 0 NA 0 0 0 0 0 0 0 0 0 NA NA NA NA 0 NA 0 0 0 0 0 0 0 0 0 NA NA NA NA NA NA NA NA NA NA NA NA NA NA NA NA NA NA NA NA NA NA 6 NA 25 15 6 4 5 7 3 8 7 NA NA NA NA NA NA NA NA NA 0 0 0 0 0 0 0 0 0 0 NA NA 0 NA 0 0 0 0 0 NA 0 NA 0 0 0
"AL359815.1" "ENSG00000233431" "AL359815.1" NA 0 0 0 0 0 0 0 0 0 0 0 NA NA NA 0 NA 0 0 0 0 0 0 0 0 0 NA NA NA NA 0 NA 0 0 0 0 0 0 0 0 0 NA NA NA NA 0 NA 0 NA 0 0 0 0 NA NA NA NA NA NA NA NA NA 0 1 NA 0 1 0 1 0 1 1 1 0 NA NA NA NA NA NA NA NA 23 9 12 14 9 10 10 8 7 13 8 NA 0 0 NA 0 0 0 0 0 NA 0 NA 0 0 0
"ALOX15" "ENSG00000161905" "ALOX15" 0 0 1 0 0 1 1 1 1 0 0 1 0 0 0 0 0 0 0 0 0 0 0 1 0 0 0 0 0 0 0 0 0 0 0 0 0 0 0 0 0 0 0 0 0 0 NA 1 NA 2 0 1 1 0 0 0 0 2020 18 1593 62 0 0 0 NA 0 0 0 0 0 0 0 0 0 1 NA 0 0 0 0 0 8 27 0 0 0 3 0 9 3 0 0 0 0 0 0 0 0 0 0 0 0 0 0 0 0 0 0
"ALOX15B" "ENSG00000179593" "ALOX15B" 0 0 0 0 0 0 0 0 0 0 0 0 0 0 0 0 1 0 0 0 0 0 0 0 0 0 0 1 0 0 0 0 0 0 0 0 0 0 0 0 0 0 1 0 1 1 1 1 0 2 0 2 0 13 12 20 31 30 2 16 2 69 20 8 5 12 20 5 4 7 5 8 12 9 24 4 25 0 8 0 6 4 1 0 0 0 0 0 0 0 0 0 0 0 0 0 1 0 0 0 0 0 1 0 0 0 0 0
"ANAPC1P1" "ENSG00000233673" "ANAPC1P1" 0 1 0 0 0 0 0 0 0 0 0 0 0 0 0 0 NA 1 0 0 0 0 0 0 0 0 0 NA 0 2 10 NA 10 20 3 3 12 6 5 5 14 2 NA 1 NA 0 0 0 0 0 0 0 0 NA NA NA NA NA NA NA NA 0 0 1 0 0 1 0 1 0 1 1 1 0 0 0 0 NA NA NA NA NA 0 1 1 1 1 1 1 1 1 1 1 1 0 0 NA 0 0 0 1 0 0 0 0 0 0 0
"ANKRD55" "ENSG00000164512" "ANKRD55" 0 0 0 1 0 0 0 0 0 0 0 0 0 0 35 35 0 51 11 17 16 14 11 16 64 47 15 0 104 0 1 0 5 1 0 0 0 0 0 2 2 0 0 0 0 0 0 0 0 0 0 0 0 0 NA 0 NA 0 NA 1 NA 0 1 0 0 3 1 1 1 1 0 0 1 0 0 0 0 NA 0 NA 1 0 6 7 11 24 10 7 6 6 6 11 14 0 0 1 0 1 0 2 0 0 0 1 0 0 0 0
"ANKUB1" "ENSG00000206199" "ANKUB1" 0 0 0 0 0 0 0 0 0 0 0 0 0 0 0 0 0 0 0 0 0 0 0 0 0 0 0 0 0 0 0 0 0 0 0 0 0 0 0 0 0 0 0 0 0 1 NA 1 NA 1 1 0 0 NA NA NA NA NA NA NA NA 0 1 0 NA 0 0 0 0 0 0 0 0 0 0 NA 0 NA 0 NA 2 1 32 12 3 4 15 16 16 14 11 11 10 0 0 0 0 0 0 0 0 0 0 0 0 0 0 0
"AP001434.1" "ENSG00000226012" "AP001434.1" NA 0 0 0 0 0 0 0 0 0 0 0 NA NA NA 0 NA 0 0 0 0 0 0 0 0 0 NA NA NA NA 0 NA 0 0 0 0 0 0 0 0 0 NA NA NA NA 0 0 0 0 0 0 0 0 NA NA NA NA NA NA NA NA NA 0 0 0 2 0 0 0 0 0 0 0 0 NA 0 NA NA NA NA NA NA 22 9 13 13 9 10 15 4 9 15 6 NA 0 0 NA 0 0 0 0 0 NA 0 NA 0 0 0
"BEND4" "ENSG00000188848" "BEND4" 18 86 31 44 29 32 25 29 40 28 38 32 27 44 0 1 1 0 1 0 0 0 0 0 0 0 0 0 0 0 2 4 1 1 0 0 2 0 1 1 0 1 0 2 0 0 NA 0 NA 0 0 0 0 0 NA 0 NA 0 NA 0 NA 0 0 0 NA 0 0 0 0 0 0 0 0 0 1 NA 0 NA 0 NA 0 0 0 0 0 0 0 0 0 0 0 0 0 0 0 1 0 1 0 0 0 0 1 2 0 0 1 2
"BEND7" "ENSG00000165626" "BEND7" 0 0 0 1 0 0 0 0 0 0 0 0 0 0 0 0 0 0 0 0 0 0 0 0 0 0 0 0 0 0 0 0 0 0 0 0 0 0 0 0 0 0 0 0 0 0 0 0 0 0 0 0 0 0 NA 0 NA 0 NA 0 NA 1 0 0 0 1 1 0 0 1 0 1 1 1 0 0 0 NA 0 NA 0 0 18 22 16 18 32 27 20 25 28 37 31 0 0 0 0 0 0 0 0 0 0 0 0 0 0 0
"BNC2" "ENSG00000173068" "BNC2" 0 NA 0 0 0 0 0 0 0 0 0 0 0 0 0 0 0 0 0 0 0 0 0 0 0 0 0 0 0 1 1 0 1 0 1 1 1 2 3 1 1 1 0 0 1 NA NA NA NA NA NA NA NA 0 0 0 0 0 0 0 0 0 NA 0 NA 0 0 0 0 0 0 0 0 0 0 NA 0 0 1 0 1 1 NA 0 0 0 3 0 0 0 0 0 0 112 NA 23 41 45 37 34 30 23 43 32 60 28 33 14
"BOK" "ENSG00000176720" "BOK" 0 2 0 0 0 1 0 0 0 1 1 1 0 0 0 0 1 0 0 1 0 1 0 0 1 0 0 1 0 0 0 0 1 0 2 2 0 1 1 2 1 0 1 0 1 0 0 0 0 1 0 0 0 0 0 0 0 1 0 0 0 0 1 0 0 0 0 0 0 0 0 0 0 0 0 0 0 0 1 0 2 1 2 0 0 0 0 0 0 0 0 0 0 7 37 26 2 7 20 19 46 16 20 30 2 20 11 29
"C7orf34" "ENSG00000165131" "C7orf34" 0 0 0 0 0 0 0 0 0 0 0 0 0 0 0 0 0 0 0 0 0 0 0 0 0 0 0 0 0 0 0 0 0 0 0 0 0 0 0 0 0 1 0 0 0 1 0 0 0 0 1 0 1 0 NA 0 NA 0 NA 0 NA 0 1 0 0 0 0 0 0 0 0 0 0 0 0 0 0 NA 0 NA 1 0 28 7 5 3 8 11 8 6 9 9 6 0 0 0 0 0 0 0 0 0 0 0 0 0 0 0
"C9orf47" "ENSG00000186354" "C9orf47" 0 0 0 0 0 0 0 0 0 0 0 0 0 0 0 0 0 0 0 0 0 0 0 0 0 0 0 0 0 0 0 0 0 0 0 0 0 0 0 0 0 0 0 0 0 0 NA 0 NA 0 0 0 0 0 NA 0 NA 0 NA 0 NA 16 11 17 NA 1 4 16 16 18 13 8 9 12 15 NA 12 NA 0 NA 11 2 0 2 0 0 0 0 0 0 0 0 0 0 0 0 0 0 0 0 0 0 0 0 0 0 0 0
"C9orf84" "ENSG00000165181" "C9orf84" 0 2 0 0 0 0 0 0 0 0 0 0 1 0 1 0 0 0 0 0 0 0 0 0 0 0 2 0 0 1 0 0 0 0 0 0 0 0 0 0 0 1 0 0 0 2 0 2 0 2 2 2 2 0 NA 0 NA 0 NA 0 NA 1 2 0 0 0 0 0 0 0 0 0 0 0 0 0 1 NA 0 NA 1 0 64 8 16 23 13 17 9 6 10 15 6 1 2 0 0 0 0 0 0 0 1 0 1 0 0 0
"CAMP" "ENSG00000164047" "CAMP" 0 0 0 0 0 0 0 0 0 0 0 0 0 0 0 0 0 0 0 0 0 0 0 0 0 0 0 0 0 0 0 0 0 0 0 0 0 0 0 0 0 0 0 0 0 0 0 0 0 0 1 0 0 0 NA 3 NA 0 NA 0 NA 0 0 0 1 2 1 1 1 0 1 0 0 0 3 1 3 NA 5 NA 1 0 27 40 19 27 32 27 32 50 39 36 47 0 0 0 0 0 0 0 0 0 0 0 0 0 0 0
"CAPN13" "ENSG00000162949" "CAPN13" 0 0 0 0 0 0 0 0 0 0 0 0 0 0 0 0 0 0 0 0 0 0 0 0 0 0 0 0 0 0 0 0 1 0 0 0 0 0 0 0 0 0 1 0 0 0 0 0 0 0 0 0 0 0 NA 0 NA 0 NA 0 NA 0 0 0 0 2 0 0 0 0 0 0 0 0 0 0 0 NA 0 NA 0 0 6 2 33 39 3 4 6 3 9 6 3 0 0 0 0 0 0 0 0 0 0 0 0 0 0 0
"CCL13" "ENSG00000181374" "CCL13" 0 0 0 0 0 0 0 0 0 0 0 0 0 0 0 0 1 0 0 0 0 0 0 0 0 0 0 0 0 0 0 1 0 0 0 0 0 0 0 0 0 0 0 0 0 0 NA 0 NA 0 0 0 0 25 34 18 12 2331 1630 438 1210 0 0 0 NA 0 0 0 0 0 0 0 0 0 0 NA 0 44 1 122 1 3 0 0 0 0 0 0 0 0 0 0 0 0 0 0 0 0 0 0 0 0 0 0 0 0 0 0
"CCR4" "ENSG00000183813" "CCR4" 0 0 0 0 0 0 1 0 0 0 2 1 0 0 88 114 159 28 63 93 90 76 56 88 49 64 155 68 106 17 18 80 7 19 15 18 30 16 19 8 13 58 5 30 13 0 0 0 0 0 0 0 0 0 NA 0 NA 0 NA 0 NA 0 0 2 0 0 0 0 0 0 0 0 0 0 0 1 0 NA 0 NA 0 0 0 0 0 3 3 0 0 0 4 0 0 0 0 1 0 2 1 1 2 0 0 2 0 0 2 2
"CCSER1" "ENSG00000184305" "CCSER1" 23 9 6 7 7 7 24 8 14 13 13 9 4 25 0 0 NA 0 0 0 0 0 0 0 0 0 0 NA 0 0 0 NA 0 0 0 0 0 0 0 0 0 0 NA 0 NA 5 31 5 31 5 5 10 6 NA 0 NA 0 NA 0 NA 0 1 1 0 2 0 0 1 0 1 1 1 0 0 1 1 1 0 NA 0 NA NA 7 0 0 0 0 0 0 0 0 0 0 0 0 0 NA 0 0 0 0 0 0 0 0 0 0 1
"CD22" "ENSG00000012124" "CD22" 420 1654 666 1640 2019 1206 2019 1206 861 733 967 967 238 815 0 0 0 1 0 0 0 1 0 0 0 1 0 0 0 0 1 0 9 0 0 0 0 0 0 1 1 0 0 0 0 14 86 14 166 14 14 14 15 6 0 2 0 6 0 2 2 1 0 2 1 5 2 1 1 1 1 1 2 2 1 1 0 1 2 1 6 1 6 1 18 10 5 8 4 2 0 5 2 0 1 0 0 0 1 1 1 0 0 0 1 0 0 1
"CD248" "ENSG00000174807" "CD248" 0 0 1 1 1 0 0 1 0 1 0 1 0 0 24 2 1 3 1 1 1 1 0 1 1 1 6 1 19 90 24 0 18 8 12 17 8 6 6 18 22 149 1 118 1 0 NA 0 NA 0 0 0 0 0 0 0 0 0 0 0 0 0 0 0 NA 4 5 0 0 0 0 0 0 0 0 NA 0 0 1 0 2 1 0 0 14 0 0 0 0 0 0 0 0 0 0 0 2 0 0 0 0 0 0 0 0 0 0 0
"CD40LG" "ENSG00000102245" "CD40LG" 0 NA 0 0 0 0 0 0 0 0 0 0 1 0 42 52 51 17 28 60 63 49 55 53 56 56 166 82 90 3 4 0 1 1 5 6 6 5 5 2 3 9 0 6 9 NA 0 NA 0 NA NA NA NA 0 NA 0 NA 0 NA 0 NA 0 NA 0 0 0 0 0 0 0 0 0 0 0 0 0 0 NA 0 NA 0 0 NA 0 0 0 0 0 0 0 0 0 0 0 NA 0 0 0 0 0 0 0 0 0 1 0 0 0
"CD8A" "ENSG00000153563" "CD8A" 0 0 1 0 0 0 0 0 0 0 0 0 1 0 0 6 7 1 1 4 4 1 8 3 6 2 1 1 0 734 457 366 330 1034 814 814 734 771 732 395 357 968 446 699 257 0 0 0 0 0 0 0 0 1 NA 0 NA 1 NA 0 NA 0 0 0 1 0 0 1 0 1 0 0 1 0 0 0 0 NA 0 NA 0 0 1 2 0 0 0 3 0 0 0 0 0 64 60 6 10 6 6 6 5 6 144 7 178 6 6 7
"CD8B" "ENSG00000172116" "CD8B" 0 NA 0 0 0 0 0 0 0 0 0 0 0 0 0 5 0 3 0 1 3 1 3 1 3 1 0 0 0 166 309 206 197 241 276 285 290 338 263 330 299 147 466 231 148 NA NA NA NA NA NA NA NA 0 NA 0 NA 0 NA 0 NA 0 NA 0 NA 0 0 0 0 0 0 0 0 0 0 NA 0 NA 0 NA 0 0 NA 0 0 0 3 0 0 0 4 3 0 0 NA 1 1 1 1 1 0 3 1 1 2 0 1 1
"CDH1" "ENSG00000039068" "CDH1" 0 0 0 0 1 0 0 0 0 0 0 0 0 2 0 1 3 0 1 0 1 0 0 0 0 0 0 0 0 0 2 4 0 2 1 1 0 1 1 0 0 1 20 0 0 4 18 4 6 8 4 8 2 0 0 0 0 0 0 0 0 0 0 1 0 0 0 0 0 0 0 1 0 0 0 0 0 0 0 0 0 0 0 3 0 0 0 0 0 0 0 2 0 0 1 0 0 0 0 0 0 0 0 0 0 0 0 0
"CHN1" "ENSG00000128656" "CHN1" 0 NA 1 0 0 0 0 0 0 1 0 0 0 0 2 4 234 1 2 5 5 5 6 5 2 4 4 14 4 1 2 12 0 2 2 2 2 1 2 1 2 2 1 2 3 NA NA NA NA NA NA NA NA 0 0 0 0 0 0 0 0 0 NA 0 NA 0 0 0 0 0 0 0 0 0 0 NA 0 0 0 0 0 3 NA 0 0 0 0 3 0 0 0 0 0 0 NA 1 0 1 1 0 0 1 0 1 0 1 0 1
"CKB" "ENSG00000166165" "CKB" 0 0 0 0 0 1 0 1 0 0 0 0 0 0 0 2 28 1 0 1 1 0 1 1 0 1 0 0 0 0 1 13 0 0 1 1 0 0 0 0 0 0 0 0 17 64 22 122 26 64 120 63 64 8 166 1 198 4 31 4 19 2 1 1 6 2 2 1 4 2 1 4 4 2 0 14 1 17 9 2 1 0 3 5 0 3 3 4 3 6 7 7 6 0 0 2 1 2 1 2 1 1 0 1 0 1 2 1
"CLDN1" "ENSG00000163347" "CLDN1" 0 0 0 0 0 0 0 0 0 0 0 0 0 0 0 0 4 0 0 0 0 0 0 0 0 0 0 0 0 0 0 3 0 0 0 0 0 0 0 0 0 0 0 0 0 0 NA 0 NA 0 0 0 0 1 0 0 0 158 43 2 6 0 0 0 NA 0 0 0 0 0 0 0 0 0 0 NA 0 8 7 0 0 0 0 0 0 0 0 0 0 0 0 0 0 0 0 0 0 0 0 0 0 0 0 0 0 0 0 0
"CLEC4F" "ENSG00000152672" "CLEC4F" 0 0 0 0 0 0 0 0 0 0 0 0 0 0 0 0 0 0 0 0 0 0 0 0 0 0 0 0 0 0 0 0 0 0 0 0 0 0 0 0 0 0 0 0 0 15 26 223 17 15 15 28 228 0 NA 0 NA 1 NA 0 NA 0 0 1 0 2 6 1 5 5 0 0 7 1 0 0 0 NA 26 NA 13 4 0 0 0 0 0 0 0 0 0 0 0 0 0 0 0 0 0 0 0 0 0 0 0 0 0 0
"CNTNAP2" "ENSG00000174469" "CNTNAP2" 250 75 33 48 51 100 96 78 92 4 48 232 240 384 0 0 0 0 0 0 0 0 0 0 0 0 0 0 0 0 0 0 0 0 0 0 0 0 0 0 0 0 0 0 0 0 NA 1 NA 0 0 0 1 0 0 0 0 0 0 0 0 0 0 0 NA 0 0 0 0 0 0 0 0 0 0 NA 0 0 0 0 0 0 0 0 0 0 0 0 0 0 0 0 0 0 1 0 0 0 0 0 0 0 0 0 0 1 0 0
"CNTNAP3" "ENSG00000106714" "CNTNAP3" 0 0 0 0 0 0 0 0 0 0 0 0 0 0 0 0 0 0 0 0 0 0 0 0 0 0 0 0 0 0 0 0 3 0 0 0 0 0 0 0 0 0 0 0 0 0 NA 0 NA 0 0 0 0 0 NA 0 NA 0 NA 0 NA 0 0 0 NA 7 0 0 0 0 0 0 0 0 0 NA 0 NA 0 NA 0 0 212 183 44 172 134 68 90 80 154 120 185 0 0 0 0 0 0 0 0 0 0 2 0 0 0 0
"COBLL1" "ENSG00000082438" "COBLL1" 417 NA 122 210 172 144 153 138 178 188 148 157 100 395 0 0 1 0 0 0 0 0 0 0 0 0 0 0 0 0 0 0 0 0 0 0 0 0 0 0 0 0 0 0 0 NA NA NA NA NA NA NA NA 0 0 0 0 1 0 0 0 1 NA 1 NA 1 1 0 0 1 0 0 0 0 1 NA 1 0 0 0 0 0 NA 1 0 2 2 2 2 2 2 2 0 1 NA 0 0 0 0 1 0 0 1 1 0 1 1 1
"COL13A1" "ENSG00000197467" "COL13A1" 0 0 0 0 0 0 0 0 0 0 0 0 0 0 0 0 1 0 0 0 0 0 0 0 0 0 0 0 0 0 0 0 0 1 0 0 0 0 0 0 0 0 0 0 0 0 NA 0 NA 0 0 0 0 0 0 0 0 0 0 0 0 0 0 0 NA 0 0 0 0 0 0 0 0 0 0 NA 0 0 0 0 1 1 4 5 0 0 3 0 3 12 0 9 6 13 86 8 1 16 14 11 10 10 10 8 24 14 9 8
"COL19A1" "ENSG00000082293" "COL19A1" 124 NA 55 84 77 133 116 112 108 88 108 150 120 148 0 0 0 0 0 0 0 0 0 0 0 0 0 0 0 0 0 0 0 0 0 0 0 0 0 0 0 0 0 0 0 NA NA NA NA NA NA NA NA 0 NA 0 NA 0 NA 0 NA 0 NA 0 NA 0 0 0 0 0 0 0 0 0 0 NA 0 NA 0 NA 0 0 NA 0 0 0 0 0 0 0 0 0 0 0 NA 0 0 0 0 0 0 0 0 0 0 0 0 0
"COLCA1" "ENSG00000196167" "COLCA1" 1 44 5 10 3 5 5 8 2 7 14 6 2 13 0 0 NA 0 0 0 0 0 0 0 0 0 0 NA 0 0 0 NA 0 0 0 0 0 0 0 0 0 0 NA 0 NA 0 NA 0 NA 0 0 0 0 NA NA NA NA NA NA NA NA 0 0 0 NA 0 0 0 0 0 0 0 0 0 0 NA 0 NA NA NA NA NA 0 0 0 0 0 0 0 0 0 0 0 0 0 0 NA 0 0 0 0 0 0 0 0 0 0 0
"CORIN" "ENSG00000145244" "CORIN" 1 0 1 1 1 1 1 1 1 1 1 1 1 1 0 0 0 0 0 0 0 0 0 0 0 0 0 0 0 0 0 0 0 0 0 0 0 0 0 0 0 0 0 0 0 0 0 0 0 0 0 0 0 0 0 0 0 0 0 0 0 0 0 0 0 1 0 0 0 0 1 0 0 0 0 0 0 0 0 0 0 0 16 2 8 6 6 3 9 6 6 6 8 0 0 0 0 0 0 0 0 0 0 0 0 1 0 1
"CRTAM" "ENSG00000109943" "CRTAM" 0 NA 0 0 0 0 0 0 0 0 0 0 0 0 2 1 12 1 1 0 0 1 1 1 1 1 3 0 1 70 26 775 9 20 24 25 24 16 26 28 28 95 207 40 220 NA 4 NA 1 NA NA NA NA 12 NA 11 NA 0 NA 1 NA 3 NA 11 9 2 4 7 8 12 11 12 7 9 3 7 6 NA 6 NA 31 1 NA 2 0 0 0 0 0 0 0 0 0 8 NA 6 92 3 2 6 3 4 26 4 15 5 5 2
"CSF2RBP1" "ENSG00000232254" "CSF2RBP1" NA 0 0 0 0 0 0 0 0 0 0 0 NA NA NA 0 NA 0 0 0 0 0 0 0 0 0 NA NA NA NA 0 NA 0 0 0 0 0 0 0 0 0 NA NA NA NA 0 NA 0 NA 0 0 0 0 NA NA NA NA NA NA NA NA NA 0 0 NA 0 0 0 1 0 0 0 0 0 NA NA NA NA NA NA NA NA 35 28 4 10 32 36 24 25 31 22 18 NA 0 0 NA 0 0 0 0 0 NA 0 NA 0 0 0
"CTLA4" "ENSG00000163599" "CTLA4" 0 0 0 0 0 0 0 0 0 0 0 0 0 0 22 75 28 91 124 53 57 60 68 71 55 68 38 104 22 3 7 54 25 30 5 7 8 6 9 4 13 6 92 3 0 0 22 0 6 0 0 0 0 0 NA 0 NA 0 NA 2 NA 0 0 0 0 0 0 0 0 0 0 0 0 0 0 0 0 NA 3 NA 0 1 0 0 0 0 0 0 0 0 0 0 0 0 0 1 0 0 1 0 0 1 0 1 0 0 0 0
"CXCL10" "ENSG00000169245" "CXCL10" 0 NA 0 0 0 0 0 0 0 0 0 0 0 0 0 0 4 0 0 0 0 0 0 0 0 0 0 11 0 0 0 2 0 0 0 0 0 0 0 0 0 0 4 0 1 NA NA NA NA NA NA NA NA 862 7130 1356 7130 4 908 1 624 1 NA 6 NA 1 2 8 176 5 7 6 7 3 2 NA 3 408 1357 2353 445 366 NA 0 0 0 0 4 0 0 0 0 0 0 NA 0 0 0 0 0 0 0 0 0 0 0 0 0
"CYP27B1" "ENSG00000111012" "CYP27B1" 0 NA 0 0 0 0 0 0 0 0 1 0 0 0 2 2 6 1 0 0 1 1 0 1 1 0 5 0 1 1 0 0 0 0 0 0 0 0 0 0 0 0 8 0 0 NA 3 NA 4 NA NA NA NA 119 290 14 236 2 32 1 1 0 NA 0 0 0 0 0 0 2 1 1 0 1 0 0 0 4 0 0 0 0 NA 0 0 0 0 0 0 0 0 0 0 1 NA 0 0 0 0 0 0 0 0 0 0 0 0 0
"CYSLTR1" "ENSG00000173198" "CYSLTR1" 67 37 32 35 34 43 48 27 48 37 40 33 62 26 21 15 18 9 10 18 18 11 8 17 17 20 24 1 22 0 2 0 2 1 1 2 1 1 2 1 2 1 0 0 2 34 19 66 24 35 64 34 35 3 3 3 0 12 53 8 52 37 35 27 22 18 16 41 75 21 30 25 30 20 35 24 60 17 14 21 50 58 66 50 47 55 53 97 58 56 66 78 59 19 18 6 4 5 9 6 9 2 13 6 27 10 8 13
"DAB2IP" "ENSG00000136848" "DAB2IP" 1 NA 8 0 0 1 2 1 0 1 0 0 0 1 0 0 0 0 0 0 0 0 0 0 1 0 0 0 0 1 22 0 1 4 25 20 13 10 13 6 4 1 2 0 1 NA NA NA NA NA NA NA NA 0 0 0 0 0 0 0 0 0 NA 3 NA 0 0 1 1 1 0 1 1 1 0 NA 0 0 0 0 0 0 NA 0 0 0 0 0 0 0 0 0 0 0 NA 12 0 0 0 1 1 0 3 0 0 1 0 0
"DIRAS1" "ENSG00000176490" "DIRAS1" 141 38 44 19 51 34 32 28 22 26 34 22 84 64 0 0 1 0 0 0 0 0 0 0 0 0 0 1 0 0 0 0 0 0 0 0 0 0 0 0 0 3 1 0 1 0 7 0 16 0 0 0 0 6 0 3 0 1 2 1 1 0 0 0 0 0 0 0 0 0 0 0 0 0 0 0 0 2 1 0 2 1 1 0 0 0 0 0 0 0 4 4 0 0 0 0 2 0 0 0 0 0 0 0 2 0 0 0
"DKK3" "ENSG00000050165" "DKK3" 0 NA 0 0 0 0 0 0 0 0 0 0 6 0 3 0 9 0 1 0 0 0 1 1 0 0 8 1 4 23 8 8 7 9 8 8 24 4 13 12 9 35 0 17 6 NA NA NA NA NA NA NA NA 0 0 0 0 0 0 0 0 1 NA 0 NA 0 0 0 0 0 0 0 0 0 1 NA 1 0 0 0 2 0 NA 0 0 0 0 0 0 0 0 0 0 2 NA 0 0 0 0 0 0 0 8 0 9 0 0 0
"DNASE1L3" "ENSG00000163687" "DNASE1L3" 12 2 1 4 1 3 3 6 3 3 3 3 12 0 0 0 0 0 0 0 0 0 0 0 0 0 0 1 0 0 0 0 0 0 0 0 0 0 0 0 0 0 0 0 0 5 23 2 17 5 5 4 2 0 NA 0 NA 86 NA 0 NA 0 0 0 1 0 0 0 0 0 0 0 0 0 0 0 1 NA 1 NA 4 0 0 0 0 0 0 0 0 0 0 0 0 0 0 0 0 0 0 0 0 0 0 0 0 0 0 0
"DPYSL4" "ENSG00000151640" "DPYSL4" 0 0 0 0 0 0 0 0 0 0 0 0 0 0 8 2 0 1 0 3 2 2 3 7 4 14 8 0 10 0 0 0 0 0 0 0 0 0 3 0 2 0 0 3 0 0 1 1 0 0 0 0 1 0 0 0 0 0 0 0 0 0 0 0 0 0 0 0 0 0 0 0 0 0 1 0 1 0 0 0 0 0 0 0 0 0 0 0 0 0 0 0 0 0 0 1 0 0 0 0 1 1 0 0 2 3 6 1
"DST" "ENSG00000151914" "DST" 1 1 1 1 2 1 1 1 1 1 1 1 3 1 7 3 7 2 2 10 8 2 7 4 1 6 2 0 6 0 2 4 1 1 1 0 1 0 0 1 1 0 0 0 0 55 126 54 111 55 53 54 56 0 1 0 1 6 1 1 1 43 29 14 39 5 5 17 12 12 12 11 13 15 33 32 39 0 225 0 34 2 0 4 0 0 3 0 0 0 0 0 0 15 15 19 5 6 3 8 9 2 12 6 6 9 11 16
"EBF1" "ENSG00000164330" "EBF1" 106 69 128 82 85 104 86 101 102 86 102 114 155 249 0 0 0 0 0 0 0 0 0 0 0 1 0 0 0 0 0 1 0 0 0 0 0 0 0 2 0 0 0 0 0 0 26 0 43 0 0 0 0 0 NA 0 NA 0 NA 0 NA 1 0 0 0 0 0 0 0 0 0 0 0 0 0 0 0 NA 0 NA 0 0 0 0 0 0 0 0 0 0 0 0 0 0 0 0 0 0 0 0 0 0 0 0 0 0 0 0
"ENAH" "ENSG00000154380" "ENAH" 3 4 6 6 3 10 6 11 3 4 6 7 7 8 0 0 0 0 0 0 0 0 0 0 0 0 0 0 0 0 0 2 0 0 0 0 0 0 0 0 0 0 0 0 0 0 NA 0 NA 0 0 0 0 0 0 0 0 0 0 0 0 0 0 0 NA 0 0 0 0 0 0 0 0 0 0 NA 0 0 1 0 0 0 0 0 0 0 0 0 0 0 0 0 0 0 0 0 1 0 0 0 0 0 1 0 0 0 0 0
"EPHB1" "ENSG00000154928" "EPHB1" 0 0 0 0 0 0 0 0 0 0 0 0 0 0 0 0 1 0 1 0 0 0 0 0 0 0 0 1 0 0 0 0 0 0 0 0 1 0 0 0 0 0 0 0 0 1 NA 1 NA 0 0 0 1 0 0 0 0 0 0 0 0 0 0 0 NA 1 0 0 0 0 1 0 0 0 0 NA 0 0 0 0 0 0 136 84 16 31 98 108 95 77 79 84 85 0 0 0 0 0 0 0 0 0 0 1 0 0 0 0
"EPHB2" "ENSG00000133216" "EPHB2" 0 NA 0 0 0 0 0 0 0 0 0 0 0 0 0 0 0 0 0 0 0 0 0 0 0 0 0 2 0 0 0 0 0 0 0 0 0 0 0 0 0 0 1 0 0 NA 0 NA 0 NA NA NA NA 3 26 3 23 2 3 2 4 44 NA 17 14 7 11 13 30 8 18 20 12 16 13 25 23 16 27 16 14 5 NA 4 0 0 0 0 0 0 0 0 0 0 NA 0 0 0 0 0 0 0 0 0 0 0 0 0
"EPHB3" "ENSG00000182580" "EPHB3" 1 0 0 0 0 0 0 0 0 0 0 0 1 1 0 0 24 0 0 1 0 0 0 1 0 0 0 1 0 1 0 1 0 0 0 0 0 0 0 0 0 0 2 1 2 2 23 1 16 5 1 2 6 0 0 0 0 1 0 1 0 0 5 1 0 2 5 3 2 1 4 4 1 1 5 0 3 0 1 0 3 1 0 0 0 0 0 0 0 0 0 4 0 1 0 0 3 0 0 0 0 0 1 0 0 0 0 0
"EPS8" "ENSG00000151491" "EPS8" 0 1 1 0 0 0 1 0 1 1 1 1 0 0 2 1 10 1 2 2 2 1 2 0 1 1 1 1 1 0 1 6 0 1 0 0 1 1 0 1 1 0 0 1 0 55 14 54 12 55 53 54 56 3 0 1 1 2 4 2 18 6 8 4 11 8 12 7 8 6 7 8 4 5 2 10 3 21 9 25 11 1 0 0 0 0 0 0 0 0 0 0 0 0 0 1 0 1 0 0 0 0 0 1 0 1 0 1
"FAAH2" "ENSG00000165591" "FAAH2" 1 2 1 0 0 1 1 1 0 1 1 1 0 0 13 7 40 7 10 6 7 8 8 6 3 7 7 9 11 3 2 16 2 2 2 2 3 2 2 2 3 2 19 1 1 0 0 0 0 0 0 0 0 0 NA 0 NA 0 NA 0 NA 0 0 0 0 0 0 0 0 0 0 0 0 0 0 0 0 NA 0 NA 0 0 0 0 0 0 0 0 0 0 0 0 0 0 0 0 0 0 0 0 0 0 0 0 0 0 0 0
"FAT4" "ENSG00000196159" "FAT4" 0 0 0 0 0 0 0 0 0 0 0 0 0 0 0 0 0 0 0 0 0 0 0 0 0 0 0 0 0 0 0 0 0 0 0 0 0 0 0 0 0 0 0 0 0 0 NA 0 NA 0 0 0 0 0 NA 0 NA 0 NA 0 NA 0 0 0 NA 0 0 0 0 0 0 0 0 0 0 NA 0 NA 0 NA 0 0 0 0 0 0 0 0 0 0 0 0 0 28 44 52 1 22 14 24 21 11 37 23 29 30 25 24
"FBLN2" "ENSG00000163520" "FBLN2" 1 8 12 15 10 10 9 13 12 16 11 18 1 6 0 0 0 0 0 0 0 0 0 0 0 0 0 0 0 7 23 0 14 1 5 6 6 3 8 29 18 1 0 15 0 17 60 17 58 17 5 16 18 0 0 0 0 0 0 0 0 0 0 0 0 1 0 0 0 0 0 0 0 0 1 0 0 0 0 0 2 0 0 0 0 0 0 0 0 0 0 0 0 0 4 2 0 5 6 4 2 1 1 2 0 2 2 5
"FBLN7" "ENSG00000144152" "FBLN7" 0 0 1 0 0 0 0 1 1 0 0 0 0 0 15 17 36 16 18 17 18 20 15 18 17 15 22 49 8 0 0 0 2 0 0 1 1 1 1 1 1 1 0 0 0 0 0 0 0 0 0 0 0 0 NA 0 NA 0 NA 0 NA 0 0 0 0 0 0 0 0 0 0 0 0 0 0 0 0 NA 0 NA 0 1 0 0 0 0 0 0 0 0 0 0 0 0 0 0 0 0 0 0 1 0 0 0 0 0 0 0
"FCER1A" "ENSG00000179639" "FCER1A" 0 0 0 0 0 0 0 0 0 0 0 0 0 0 0 0 1 0 0 0 0 0 0 0 0 0 0 5 0 0 1 0 0 0 0 1 0 0 1 0 1 0 0 0 0 290 350 138 376 290 136 786 139 0 NA 0 NA 909 NA 59 NA 2 37 1 5 0 0 21 4 4 9 22 17 7 10 10 7 NA 2 NA 102 33 0 0 0 0 0 0 0 0 0 0 0 0 9 77 0 39 2 74 28 48 1 23 0 2 8 16
"FCRL1" "ENSG00000163534" "FCRL1" 630 2350 1371 1666 1371 2040 2344 2040 1666 1121 1121 1371 429 705 2 1 0 4 1 1 0 1 1 2 3 1 0 0 1 0 2 0 32 1 0 0 1 0 0 0 1 0 0 0 0 17 111 9 184 17 17 17 9 0 NA 0 NA 0 NA 0 NA 0 0 0 0 20 1 1 1 0 0 2 0 0 0 0 0 NA 9 NA 1 0 10 13 62 39 6 4 6 10 10 6 16 0 0 1 0 1 0 1 0 0 0 0 0 0 0 0
"FGF13" "ENSG00000129682" "FGF13" 0 NA 0 0 0 0 0 0 0 0 0 0 0 0 0 0 0 0 0 0 0 0 0 0 0 0 0 0 0 0 0 0 0 0 0 0 0 0 0 0 0 0 0 0 0 NA NA NA NA NA NA NA NA 0 0 0 0 1 0 1 4 0 NA 0 NA 1 0 0 0 0 0 0 0 0 0 NA 0 0 0 0 0 0 NA 14 12 19 9 14 14 11 3 0 11 0 NA 0 0 0 0 0 0 0 0 0 0 0 0 0
"FLT4" "ENSG00000037280" "FLT4" 0 0 0 0 0 0 0 0 0 0 0 0 0 0 1 16 0 16 13 7 8 11 12 9 12 10 7 0 7 7 54 0 30 19 50 40 45 42 56 38 28 9 14 11 0 0 0 0 0 0 0 0 0 0 0 0 0 0 0 0 0 0 0 0 0 0 0 0 0 0 0 0 0 0 0 0 0 0 0 0 0 0 0 0 0 0 0 0 0 0 0 0 0 0 0 0 0 0 0 0 0 0 0 0 0 0 0 0
"FOXP3" "ENSG00000049768" "FOXP3" 1 NA 1 0 1 1 2 2 1 0 1 0 0 3 14 26 21 26 52 27 34 33 27 27 21 32 12 82 28 0 2 0 3 3 3 3 3 2 2 2 5 0 0 2 0 NA NA NA NA NA NA NA NA 0 2 0 0 0 0 0 0 0 NA 0 NA 0 0 0 0 1 1 0 0 1 0 NA 0 0 0 0 0 0 NA 0 2 0 0 0 0 0 0 0 0 0 NA 0 0 1 1 1 0 1 0 1 0 2 1 1
"GALNT14" "ENSG00000158089" "GALNT14" 0 0 1 3 1 1 0 1 1 1 0 1 1 3 0 0 2 1 0 0 0 0 0 0 0 0 0 0 0 0 0 2 17 0 0 0 0 0 0 0 0 0 1 0 0 0 NA 0 NA 0 0 0 0 0 NA 0 NA 0 NA 0 NA 0 0 0 NA 23 2 0 0 0 0 0 0 0 0 NA 0 NA 0 NA 1 0 26 26 115 100 28 20 23 21 39 43 30 0 0 0 0 0 0 0 0 0 0 0 0 0 0 0
"GBP6" "ENSG00000183347" "GBP6" 0 0 0 0 0 0 0 0 0 0 0 0 0 1 0 1 0 0 0 0 0 0 0 0 0 0 0 0 0 0 0 0 0 0 0 0 0 0 1 0 0 0 1 0 1 0 0 0 0 0 0 0 0 0 NA 0 NA 0 NA 0 NA 0 0 0 0 0 0 0 0 0 0 0 0 0 0 0 0 NA 0 NA 0 0 19 8 6 6 14 26 13 15 11 11 8 1 0 1 0 0 0 0 0 0 0 0 0 0 0 0
"GIPR" "ENSG00000010310" "GIPR" 0 1 0 0 0 0 0 0 0 0 0 0 0 0 0 3 8 3 9 3 3 7 3 3 3 4 0 8 0 1 8 2 7 16 9 7 11 9 8 6 12 0 28 0 20 14 102 14 90 14 14 25 15 0 0 0 0 0 0 0 0 0 0 0 0 0 0 0 0 0 0 0 0 0 0 0 0 0 2 0 0 0 1 0 0 0 0 0 0 0 0 0 0 0 13 6 87 16 14 7 7 20 6 9 1 8 12 8
"GPER1" "ENSG00000164850" "GPER1" 0 1 2 1 2 3 1 3 2 1 1 2 0 0 0 0 NA 0 0 0 0 0 0 0 0 0 0 NA 0 0 0 NA 0 0 0 0 0 0 0 0 0 0 NA 0 NA 9 3 5 2 9 5 17 2 NA NA NA NA NA NA NA NA 15 17 7 5 27 57 2 4 10 2 6 1 5 7 4 5 NA NA NA NA NA 0 2 0 0 0 0 0 0 0 0 0 0 1 0 NA 0 0 0 0 0 1 0 1 0 0 0
"GPR15" "ENSG00000154165" "GPR15" 0 7 4 0 4 4 6 3 7 6 1 3 0 0 9 4 51 1 16 4 5 5 16 8 3 2 19 22 10 2 2 113 0 8 1 1 1 3 3 0 0 6 0 4 2 0 NA 0 NA 0 0 0 0 0 NA 0 NA 0 NA 0 NA 0 0 0 NA 0 0 0 0 0 0 0 0 0 0 NA 0 NA 0 NA 0 0 0 0 0 0 0 0 0 0 0 0 0 0 0 0 0 0 0 0 0 0 6 0 0 1 1 0
"GPR34" "ENSG00000171659" "GPR34" 0 NA 1 0 0 0 0 0 0 1 0 1 0 0 1 0 4 0 0 0 0 0 0 0 0 0 1 67 1 1 0 0 0 0 0 0 0 0 0 0 0 1 0 1 2 NA NA NA NA NA NA NA NA 2 0 2 0 41 351 18 346 5 NA 6 NA 15 28 4 3 3 4 4 5 2 3 NA 2 445 149 346 76 207 NA 2 13 8 0 0 3 0 4 0 3 1 NA 3 1 1 0 2 1 2 1 2 0 0 1 1
"GPRC5B" "ENSG00000167191" "GPRC5B" 0 0 0 0 0 0 0 0 0 0 0 0 0 0 3 3 5 5 3 6 6 4 3 2 8 4 9 0 1 0 0 0 1 0 0 1 0 0 0 0 0 0 0 0 4 1 0 0 0 2 2 0 0 0 0 1 0 0 0 0 0 0 0 0 0 0 0 1 0 0 0 0 1 0 0 0 0 0 5 0 2 0 0 0 0 0 0 0 0 0 0 0 0 0 0 0 0 0 0 0 0 0 0 0 0 0 0 0
"GRIK4" "ENSG00000149403" "GRIK4" 0 0 1 0 0 0 1 0 0 0 0 1 0 0 0 0 0 0 0 0 0 0 0 0 0 0 0 0 0 0 0 1 0 0 0 0 0 0 0 0 0 0 1 0 0 0 0 0 0 0 0 0 0 0 NA 0 NA 0 NA 0 NA 0 0 0 0 0 0 0 0 0 0 0 0 0 0 0 0 NA 0 NA 0 0 0 0 0 0 0 0 0 0 0 0 0 52 15 47 6 1 29 41 1 0 20 16 15 43 60 25
"GUCY1A3" "ENSG00000164116" "GUCY1A3" 1 0 0 2 1 0 1 0 1 1 1 2 1 1 1 0 2 0 0 0 0 0 0 0 0 0 0 0 0 0 0 1 0 0 0 0 0 0 0 0 0 0 0 0 0 17 6 32 3 32 31 32 32 0 1 0 33 0 0 0 0 0 1 1 0 0 1 1 6 1 1 1 0 1 1 0 2 0 10 0 0 2 0 0 0 0 0 0 0 0 0 0 0 20 4 5 2 1 3 4 3 1 3 5 4 3 2 7
"HIST1H1PS1" "ENSG00000216331" "HIST1H1PS1" NA 0 0 0 0 0 0 0 0 0 0 0 NA NA NA 0 NA 0 0 0 0 0 0 0 0 0 NA NA NA NA 0 NA 0 0 0 0 0 0 0 0 0 NA NA NA NA 0 0 0 0 0 0 0 0 NA NA NA NA NA NA NA NA NA 0 0 0 0 0 0 0 0 0 0 0 0 NA 0 NA NA NA NA NA NA 22 3 6 4 12 14 12 16 11 13 6 NA 0 0 NA 0 0 0 0 0 NA 0 NA 0 0 0
"HLF" "ENSG00000108924" "HLF" 0 NA 0 0 0 0 0 0 0 0 0 0 0 0 4 9 64 2 7 16 12 6 6 9 6 9 4 19 6 0 1 0 0 0 1 1 2 1 2 1 1 0 0 0 1 NA 0 NA 0 NA NA NA NA 0 NA 0 NA 0 NA 0 NA 0 NA 0 0 0 0 0 0 0 0 0 0 0 0 0 0 NA 0 NA 0 0 NA 0 0 0 0 0 0 0 0 0 0 0 NA 1 0 0 0 1 1 0 0 1 0 0 0 1
"HRH1" "ENSG00000196639" "HRH1" 0 0 0 0 0 0 0 0 0 0 0 0 0 0 0 0 5 0 0 0 0 0 0 0 0 0 0 0 0 0 0 1 0 0 0 0 0 0 0 0 0 1 0 0 0 0 NA 0 NA 0 0 0 0 2 2 2 3 93 5 60 24 0 0 0 NA 1 0 0 0 0 0 0 0 0 0 NA 0 1 1 0 13 2 0 0 0 0 0 0 0 0 0 0 0 0 0 0 0 0 0 0 0 0 0 0 0 0 0 0
"HTR7" "ENSG00000148680" "HTR7" 0 0 0 0 0 0 0 0 0 0 0 0 0 0 0 0 0 0 0 0 0 0 0 0 0 0 0 0 0 0 0 0 0 0 0 0 0 0 0 0 0 0 0 0 0 8 41 16 21 8 8 15 16 0 0 0 0 0 0 1 0 0 2 3 7 3 7 5 2 2 2 5 5 2 1 5 1 0 0 1 0 1 0 0 0 0 0 0 0 0 0 0 0 0 0 0 0 0 0 0 0 0 0 0 0 0 0 0
"HTRA1" "ENSG00000166033" "HTRA1" 0 0 0 0 0 0 0 0 0 0 0 0 0 0 0 0 24 0 0 0 0 0 0 0 0 0 0 0 0 0 0 33 0 0 1 0 0 0 0 0 0 0 7 0 0 0 0 0 0 0 0 0 0 1 10 0 1 0 8 0 17 10 5 6 8 3 29 4 1 5 9 8 5 10 2 4 2 133 3 49 28 11 0 0 0 0 0 0 0 0 0 0 0 0 0 0 0 0 0 0 0 0 0 0 0 0 0 0
"IDO1" "ENSG00000131203" "IDO1" 0 NA 0 0 0 0 0 0 0 0 0 0 0 0 0 0 0 0 0 0 0 0 0 0 0 0 0 0 0 0 0 0 0 0 0 0 0 0 0 0 0 0 1 0 0 NA NA NA NA NA NA NA NA 356 6471 111 3378 5 74 12 1 0 NA 1 NA 0 0 1 12 0 1 0 1 0 0 NA 0 2 27 20 3 10 NA 2 0 0 2 44 2 6 3 6 0 0 NA 0 0 0 0 0 0 0 0 0 0 0 0 0
"IL2RA" "ENSG00000134460" "IL2RA" 12 NA 15 14 14 13 12 14 16 23 9 16 4 21 26 32 50 45 60 42 46 46 41 35 25 41 23 284 32 1 1 1 4 5 2 4 5 4 5 1 4 1 0 4 2 NA 7 NA 6 NA NA NA NA 12 263 17 299 1 3 30 0 0 NA 0 0 6 0 0 0 0 0 0 0 0 0 0 0 1 4 1 0 6 NA 0 31 2 0 0 0 0 0 0 0 1 NA 14 2 5 1 10 2 4 1 4 1 3 3 9
"IL31RA" "ENSG00000164509" "IL31RA" 0 0 0 0 0 0 0 0 0 0 0 0 0 0 0 0 0 0 0 0 0 0 0 0 0 0 0 0 0 0 0 0 0 0 0 0 0 0 0 0 0 0 0 0 0 0 0 0 0 0 0 0 0 3 NA 5 NA 0 NA 0 NA 7 2 3 8 1 6 4 8 3 2 4 5 2 6 12 3 NA 0 NA 1 0 0 0 0 0 0 0 0 0 0 0 0 0 0 0 0 0 0 0 0 0 0 0 0 0 0 0
"INHBA" "ENSG00000122641" "INHBA" 0 NA 0 0 0 0 0 0 0 0 0 0 0 0 0 0 3 0 0 0 0 0 0 0 0 0 0 0 0 0 0 0 0 0 0 0 0 0 0 0 0 0 1 0 0 NA NA NA NA NA NA NA NA 2030 7 967 17 9 6 52 0 2 NA 0 NA 1 0 0 1 1 0 1 0 1 1 NA 1 0 15 0 0 0 NA 0 2 0 0 3 2 2 0 2 5 0 NA 1 0 0 0 0 0 0 0 0 0 0 0 0
"INHBB" "ENSG00000163083" "INHBB" 0 0 0 0 0 0 0 0 0 0 0 0 0 0 0 0 4 0 0 0 0 0 0 0 0 0 2 0 0 0 0 2 0 0 0 0 0 0 0 0 0 0 2 0 0 0 0 0 0 0 0 0 0 0 NA 0 NA 0 NA 0 NA 0 0 0 0 0 0 0 0 0 0 0 0 0 1 0 1 NA 0 NA 1 0 10 16 2 8 15 13 9 13 19 9 14 0 0 0 0 0 0 0 0 0 0 0 1 0 0 0
"INSC" "ENSG00000188487" "INSC" 0 0 0 0 0 0 0 0 0 0 0 0 0 0 0 0 0 0 0 0 0 0 0 0 0 0 0 0 0 0 0 0 0 0 0 0 0 0 0 0 0 0 0 0 0 0 NA 0 NA 0 0 0 0 0 NA 0 NA 0 NA 0 NA 0 0 0 NA 0 0 0 0 0 0 0 0 0 0 NA 0 NA 0 NA 0 0 7 8 6 4 10 7 10 15 14 4 3 0 0 0 0 0 0 0 0 0 0 2 0 0 0 0
"ISL2" "ENSG00000159556" "ISL2" 0 0 1 0 0 1 1 0 0 1 0 0 0 0 0 0 0 0 0 0 0 0 0 0 0 0 0 0 0 0 0 0 1 0 0 0 0 0 0 0 0 0 0 0 0 16 NA 8 NA 8 16 8 9 1 0 0 0 0 0 0 0 0 2 0 NA 7 4 0 0 0 0 0 0 0 0 NA 0 0 0 0 0 0 41 29 28 37 32 29 28 30 22 28 26 0 0 0 0 0 0 0 0 0 0 0 0 0 0 0
"ISM1" "ENSG00000101230" "ISM1" 0 NA 0 0 0 0 0 0 0 0 0 0 0 0 1 8 2 4 8 10 10 12 12 4 5 10 2 0 6 0 1 0 0 1 1 1 3 1 0 1 2 0 0 3 0 NA NA NA NA NA NA NA NA 0 NA 0 NA 0 NA 0 NA 0 NA 0 NA 0 0 0 0 0 0 0 0 0 0 NA 0 NA 0 NA 0 0 NA 0 0 0 0 0 0 0 0 0 0 0 NA 0 0 0 0 0 0 0 0 0 0 0 0 0
"KAZN" "ENSG00000189337" "KAZN" 1 2 2 0 0 2 0 1 2 2 0 0 0 0 0 0 0 0 0 0 0 0 0 0 0 0 0 0 0 0 0 0 1 0 0 0 0 0 0 0 0 0 3 0 0 0 NA 0 NA 0 0 0 0 NA 0 NA 0 NA 0 NA 0 0 0 0 NA 4 1 0 0 0 0 0 0 0 0 NA 0 0 0 0 1 6 108 50 13 39 58 40 43 62 67 69 47 0 1 0 1 2 2 0 0 0 0 3 0 2 0 2
"KCNG1" "ENSG00000026559" "KCNG1" 10 27 4 15 4 15 17 16 17 9 12 17 0 17 0 0 0 0 0 0 0 0 0 0 0 0 0 0 0 0 0 0 0 0 0 0 0 0 0 0 0 0 0 0 0 0 0 0 0 0 0 0 0 0 0 0 0 0 0 0 0 0 0 0 0 0 0 0 0 0 0 0 0 0 0 0 0 0 0 0 0 0 0 0 0 0 0 0 0 0 0 0 0 0 0 0 0 0 0 0 0 0 0 0 0 0 0 0
"KIR2DL1" "ENSG00000125498" "KIR2DL1" 0 NA 0 0 0 0 0 0 0 0 0 0 0 0 0 0 0 0 0 0 0 0 0 0 0 0 0 0 0 0 1 3 0 1 0 0 0 3 0 0 0 2 0 0 25 NA NA NA NA NA NA NA NA 0 NA 0 NA 0 NA 0 NA 0 NA 0 NA 0 0 0 0 0 0 0 0 0 0 NA 0 NA 0 NA 0 0 NA 0 0 0 0 0 0 0 0 0 0 25 NA 21 57 14 18 8 8 40 86 6 117 9 21 11
"KIR3DL1" "ENSG00000167633" "KIR3DL1" 0 0 0 0 0 0 0 0 0 0 0 0 0 0 1 0 0 0 0 0 0 0 0 0 0 0 0 0 0 2 3 14 0 1 4 3 1 0 0 1 1 3 3 1 95 0 NA 0 NA 0 0 0 0 0 NA 0 NA 0 NA 0 NA 0 0 0 NA 0 0 0 0 0 0 0 0 0 0 NA 0 NA 0 NA 0 0 0 0 0 0 0 0 0 0 0 0 0 212 71 10 170 41 22 42 30 8 68 21 42 19 45 60
"KLHL14" "ENSG00000197705" "KLHL14" 21 190 66 56 68 60 47 66 67 68 68 74 44 34 0 0 0 0 0 0 0 0 0 0 0 0 0 0 0 0 0 0 0 0 0 0 0 0 0 0 0 0 1 0 0 0 NA 0 NA 0 0 0 0 0 NA 0 NA 0 NA 0 NA 0 0 0 NA 0 0 0 0 0 0 0 0 0 0 NA 0 NA 0 NA 0 0 0 0 0 0 0 0 0 0 0 0 0 0 0 0 0 0 0 0 0 0 0 0 0 0 0 0
"KLRC3" "ENSG00000205810" "KLRC3" 0 0 0 0 0 0 0 0 0 0 0 0 0 0 0 0 0 0 0 0 0 0 0 0 0 0 0 0 0 2 2 1 1 2 2 2 3 5 2 1 2 3 2 1 2 1 NA 1 NA 1 0 1 0 0 NA 0 NA 0 NA 0 NA 0 0 0 NA 0 0 0 0 0 0 0 0 0 0 NA 0 NA 0 NA 1 0 0 0 0 0 0 1 0 0 0 0 0 7 92 3 5 5 2 13 6 26 22 11 44 4 4 11
"KLRF1" "ENSG00000150045" "KLRF1" 0 2 1 2 1 2 1 3 1 1 1 1 1 1 2 1 1 1 1 1 1 2 3 0 1 0 1 7 0 34 11 2 4 4 29 39 28 54 14 6 11 4 3 2 134 4 4 2 6 4 4 4 2 1 NA 0 NA 2 NA 1 NA 0 2 1 4 0 0 1 1 2 0 1 0 0 0 6 1 NA 0 NA 0 0 16 2 2 0 2 0 2 0 3 3 0 2020 1370 593 446 712 785 680 746 257 1236 611 460 982 680 349
"KLRK1" "ENSG00000213809" "KLRK1" 0 23 1 0 1 1 1 1 0 1 2 1 0 0 0 0 0 0 0 0 0 0 0 0 0 0 0 0 0 1 27 61 11 20 14 12 9 29 15 24 36 1 65 0 250 3 0 3 0 3 1 3 3 4 NA 2 NA 3 NA 2 NA 0 1 0 0 0 0 0 0 0 0 0 0 0 0 0 0 NA 0 NA 1 1 8 0 0 1 0 1 0 1 1 1 1 1 1212 34 864 7 11 14 27 25 1 5 1 26 36 7
"KRT23" "ENSG00000108244" "KRT23" 0 0 0 0 0 0 0 0 0 0 0 0 0 0 0 0 3 0 0 0 0 0 0 0 0 0 0 0 0 0 0 0 4 0 0 0 0 0 1 0 0 0 0 0 0 0 NA 0 NA 0 0 0 0 0 NA 0 NA 0 NA 0 NA 1 4 1 NA 7 1 2 1 2 3 2 7 3 1 NA 1 NA 0 NA 2 0 214 102 56 52 181 164 178 325 376 283 274 0 0 0 0 0 0 0 0 0 0 2 0 0 0 0
"KY" "ENSG00000174611" "KY" 0 0 0 0 0 0 0 0 0 0 0 0 0 0 0 0 0 0 0 0 0 0 0 0 0 0 0 0 0 0 0 0 0 0 0 0 0 0 0 0 0 0 0 0 0 0 NA 0 NA 0 0 0 0 0 NA 0 NA 0 NA 0 NA 1 0 0 NA 0 0 0 0 0 0 0 0 0 1 NA 0 NA 0 NA 0 0 66 36 7 9 45 46 47 34 36 44 29 0 0 0 0 0 0 0 0 0 0 0 0 0 0 0
"LAG3" "ENSG00000089692" "LAG3" 0 NA 0 0 0 0 0 0 0 0 0 0 0 0 9 3 26 11 9 4 10 6 5 5 4 4 5 15 11 32 20 138 10 57 46 112 34 38 32 13 13 12 225 58 60 NA NA NA NA NA NA NA NA 1 166 0 153 0 3 0 1 0 NA 0 NA 0 0 0 0 0 0 0 0 0 0 NA 0 1 25 2 0 0 NA 0 0 0 2 2 2 2 0 0 2 5 NA 0 0 0 5 0 0 39 1 9 22 1 0 14
"LDB2" "ENSG00000169744" "LDB2" 0 NA 0 0 0 0 0 0 0 0 0 0 0 1 0 0 0 0 0 0 0 0 0 0 0 0 0 0 0 0 1 0 0 1 0 0 0 0 0 0 0 0 1 0 0 NA NA NA NA NA NA NA NA 0 NA 0 NA 0 NA 0 NA 0 NA 0 NA 0 0 0 0 0 0 0 0 0 0 NA 0 NA 0 NA 0 0 NA 0 0 0 0 0 0 0 0 0 0 11 NA 26 24 4 7 10 16 1 18 10 2 16 12 8
"LGALSL" "ENSG00000119862" "LGALSL" 1 NA 1 1 1 1 1 1 1 0 1 1 0 3 0 1 1 1 0 0 0 0 0 1 1 0 0 2 0 0 0 0 0 0 0 1 0 0 0 0 1 0 0 0 0 NA NA NA NA NA NA NA NA NA 0 NA 0 NA 0 NA 0 0 NA 0 NA 1 0 0 0 0 0 0 0 0 0 NA 1 0 1 0 0 0 NA 51 24 59 74 98 106 45 62 50 43 0 NA 0 0 0 0 0 0 0 0 0 0 0 0 0
"LIM2" "ENSG00000105370" "LIM2" 0 NA 0 0 0 0 0 0 0 0 0 0 0 0 0 0 0 0 0 0 0 0 0 0 0 0 0 0 0 0 0 0 0 1 1 1 1 1 1 0 0 0 0 0 4 NA NA NA NA NA NA NA NA 0 NA 0 NA 0 NA 0 NA 0 NA 0 NA 0 0 0 0 0 0 0 0 0 0 NA 0 NA 0 NA 0 0 NA 0 0 0 0 0 0 0 0 0 0 10 NA 8 22 16 13 11 8 16 1 10 4 10 14 10
"LINGO2" "ENSG00000174482" "LINGO2" 0 0 0 0 0 0 0 0 0 0 0 0 0 0 0 0 0 0 0 0 0 0 0 0 0 0 0 0 0 0 0 0 0 0 0 0 0 0 0 0 0 0 0 0 0 0 NA 0 NA 0 0 0 0 0 NA 0 NA 0 NA 0 NA 0 0 0 NA 0 0 0 0 0 0 0 0 0 0 NA 0 NA 0 NA 0 0 1 0 0 0 0 0 0 0 0 0 0 10 18 2 1 17 6 10 13 7 23 6 5 16 7 7
"LIX1" "ENSG00000145721" "LIX1" 9 7 6 6 7 10 9 5 5 3 7 6 14 8 0 0 0 0 0 0 0 0 0 0 0 0 0 0 0 0 0 0 0 0 0 0 0 0 0 0 0 0 0 0 0 0 1 0 0 0 0 0 0 0 NA 0 NA 0 NA 0 NA 0 0 0 0 0 0 0 0 0 0 0 0 0 0 0 0 NA 0 NA 2 0 1 0 0 0 0 0 0 0 0 0 0 0 0 0 1 0 0 0 0 0 0 0 0 0 0 0
"LRRC43" "ENSG00000158113" "LRRC43" 0 0 0 0 0 0 0 0 0 0 0 0 0 0 0 0 0 0 0 0 0 0 0 0 0 0 0 0 0 0 1 0 0 3 0 0 1 1 0 0 0 0 0 0 0 0 NA 0 NA 0 0 0 0 0 0 0 0 0 0 0 0 0 0 0 NA 0 0 0 0 0 0 0 0 0 0 NA 0 0 0 0 0 1 0 0 0 0 0 0 0 0 0 0 0 2 16 21 15 24 15 18 14 9 2 18 0 14 19 22
"MAOA" "ENSG00000189221" "MAOA" 0 0 0 0 0 0 0 0 0 0 0 0 0 0 0 0 2 0 0 0 0 0 0 0 0 0 0 0 0 0 0 10 0 0 0 0 0 0 0 0 0 0 0 0 0 0 NA 0 NA 0 0 0 0 2 5 8 10 176 147 90 124 1 0 0 NA 5 5 0 0 0 0 1 1 1 0 NA 1 3 0 2 1 0 0 0 6 10 0 0 0 0 0 4 0 0 0 0 0 0 0 0 0 0 0 0 0 0 0 0
"MB21D2" "ENSG00000180611" "MB21D2" 0 1 0 0 0 0 0 0 1 0 0 0 0 0 7 5 33 16 13 12 13 10 8 4 5 5 7 13 6 2 2 4 7 2 2 2 4 3 1 2 1 2 0 0 0 5 15 2 4 2 2 5 2 NA 12 NA 16 NA 2 NA 2 2 2 1 7 2 1 1 1 4 1 4 1 3 4 1 8 3 0 5 2 48 0 0 0 0 0 0 0 0 0 0 0 0 0 0 0 0 0 0 0 0 0 0 0 0 0 1
"MCEMP1" "ENSG00000183019" "MCEMP1" 0 0 0 34 1 1 1 0 1 0 0 0 8 0 1 0 NA 18 0 0 0 0 0 0 0 0 1 NA 0 0 0 NA 154 1 0 0 0 0 0 0 0 0 NA 1 NA 0 1 0 1 1 0 1 0 NA NA NA NA NA NA NA NA 75 38 48 24 257 130 39 30 38 45 35 47 38 184 34 146 NA NA NA NA NA 30 44 531 338 32 30 49 29 31 32 44 0 0 0 NA 1 1 1 1 1 12 1 0 0 1 0
"MCOLN2" "ENSG00000153898" "MCOLN2" 3 268 16 3 7 12 12 16 16 27 10 13 2 0 2 7 2 8 10 7 9 10 9 4 3 6 7 0 2 8 14 12 10 46 16 17 22 23 15 4 11 11 2 3 61 56 40 29 99 105 29 104 56 1 151 1 130 6 6 1 2 1 8 0 1 1 1 1 4 1 0 1 1 1 1 4 2 1 4 3 0 0 1 0 0 0 0 0 0 0 0 0 0 0 7 1 1 1 3 2 1 20 1 12 5 2 2 8
"MEG3" "ENSG00000214548" "MEG3" 0 0 0 0 0 0 0 0 0 0 0 0 0 1 1 0 NA 0 0 0 0 0 0 0 0 0 0 NA 0 0 0 NA 1 0 0 0 2 0 0 0 0 0 NA 0 NA 23 1 395 2 23 22 22 177 0 NA 1 NA 0 NA 0 NA 0 0 2 0 6 2 0 0 5 2 2 3 0 0 0 1 NA NA NA NA NA 0 0 0 1 1 1 3 4 1 1 1 0 0 1 NA 0 0 1 2 0 1 3 0 0 0 2
"MEOX1" "ENSG00000005102" "MEOX1" 0 0 0 0 0 0 0 0 0 0 0 0 0 0 9 4 0 6 10 3 6 4 4 4 3 3 5 44 1 3 1 0 1 2 1 2 0 1 1 2 0 4 1 2 0 0 0 0 0 0 0 0 0 0 NA 0 NA 0 NA 0 NA 0 0 0 0 0 0 0 0 0 0 0 0 0 0 0 0 NA 0 NA 0 0 0 0 2 5 0 0 0 0 0 0 0 0 0 0 0 0 0 0 0 0 0 0 0 0 0 0
"MMP12" "ENSG00000262406" "MMP12" 0 NA NA NA NA NA NA NA NA NA NA NA 0 0 0 NA NA NA NA NA NA NA NA NA NA NA 0 NA 0 0 NA NA NA NA NA NA NA NA NA NA NA 0 NA 0 NA NA NA NA NA NA NA NA NA 34 86 13 0 7130 1202 512 129 0 NA NA NA NA NA NA NA NA NA NA NA NA 0 NA 0 82 NA 1 NA NA NA NA NA NA NA NA NA NA NA NA NA 0 NA NA NA NA NA NA NA NA 0 NA 0 NA NA NA
"MS4A1" "ENSG00000156738" "MS4A1" 1114 2319 4775 7130 7130 7130 7130 7130 4775 7130 7130 4775 1216 549 0 2 0 2 1 2 1 2 3 2 1 1 3 1 0 2 7 3 8 8 6 7 15 9 10 3 7 19 7 0 41 0 NA 0 NA 0 0 0 0 3 NA 1 NA 4 NA 2 NA 0 0 1 NA 3 1 1 1 0 0 2 0 1 0 NA 0 NA 0 NA 0 0 6 2 2 3 0 0 3 3 6 9 3 0 0 2 2 1 1 1 1 1 1 1 0 1 2 1
"MYCL" "ENSG00000116990" "MYCL" 0 NA 1 0 0 0 0 0 0 0 0 0 0 0 0 0 NA 0 0 0 0 0 0 0 0 0 0 NA 0 0 0 NA 0 0 0 0 0 0 0 0 0 0 NA 0 NA NA NA NA NA NA NA NA NA NA 1 NA 0 NA 1 NA 0 74 NA 48 NA 18 32 61 53 50 58 66 77 50 90 NA 90 0 NA 0 NA NA NA 11 0 0 2 3 5 11 6 10 9 0 NA 0 NA 0 0 0 0 0 0 0 0 0 0 0
"MYOM2" "ENSG00000036448" "MYOM2" 1 2 2 4 2 1 4 2 1 3 0 2 2 4 2 2 2 3 3 2 1 1 39 4 2 1 2 1 1 1 2 1 1 2 1 2 0 80 1 1 1 1 0 1 1 2 0 0 1 2 2 2 0 0 NA 0 NA 0 NA 0 NA 0 1 0 1 1 1 0 1 1 1 1 0 1 0 2 0 NA 0 NA 0 1 0 1 2 0 0 0 2 0 0 0 0 331 14 8 64 14 964 83 4 243 10 54 776 2 230 11
"NCAM1" "ENSG00000149294" "NCAM1" 0 0 0 0 0 0 0 0 0 0 0 0 0 0 0 0 0 0 0 2 1 0 6 0 0 0 0 0 0 0 4 0 3 4 19 17 4 38 6 2 3 1 1 0 4 0 2 0 3 0 0 1 0 1 0 0 0 0 0 0 0 3 1 1 3 1 2 0 0 2 1 1 1 2 1 4 1 0 0 0 0 0 2 0 0 0 0 0 0 0 0 0 0 132 239 212 75 153 196 220 149 125 151 149 184 209 180 169
"NCF4-AS1" "ENSG00000183822" "NCF4-AS1" NA 0 0 0 0 0 0 0 0 0 0 0 NA NA NA 0 NA 0 0 0 0 0 0 0 0 0 NA NA NA NA 0 NA 0 0 0 0 0 0 0 0 0 NA NA NA NA 0 0 0 0 0 0 0 1 NA NA NA NA NA NA NA NA NA 1 0 0 0 0 0 0 0 0 0 0 0 NA 0 NA NA NA NA NA NA 30 7 10 10 14 13 11 8 11 7 3 NA 0 0 NA 0 0 0 0 0 NA 0 NA 0 0 0
"NECAB2" "ENSG00000103154" "NECAB2" 0 NA 0 0 0 0 0 0 0 0 0 0 0 0 0 0 0 0 0 0 0 0 0 0 0 0 0 0 0 0 0 0 0 0 0 0 0 0 0 0 0 0 0 0 0 NA 0 NA 0 NA NA NA NA 0 NA 0 NA 0 NA 0 NA 0 NA 0 1 0 0 0 0 0 1 1 0 0 0 1 0 NA 0 NA 3 0 NA 52 15 24 35 26 33 38 51 39 47 0 NA 0 0 0 0 0 0 0 0 1 0 0 0 0
"NETO1" "ENSG00000166342" "NETO1" 40 36 16 120 37 14 16 36 9 35 21 20 17 23 0 0 0 0 0 0 0 0 0 0 0 0 0 0 0 0 0 0 0 0 0 0 0 0 0 0 0 0 0 0 0 0 1 0 2 0 0 0 0 0 NA 0 NA 0 NA 0 NA 0 0 0 0 0 0 0 0 0 0 0 0 0 0 0 0 NA 0 NA 0 0 0 0 0 0 0 0 0 0 0 0 0 0 0 0 0 0 0 0 0 0 0 0 0 0 0 0
"NFE4" "ENSG00000230257" "NFE4" NA 0 0 0 0 0 0 0 0 0 0 0 NA NA NA 0 NA 0 0 0 0 0 0 0 0 0 NA NA NA NA 0 NA 2 0 0 0 0 0 0 0 0 NA NA NA NA 0 0 0 0 0 0 0 0 NA NA NA NA NA NA NA NA NA 0 0 0 4 0 0 0 0 0 0 0 0 NA 0 NA NA NA NA NA NA 77 55 23 48 53 44 68 49 51 48 42 NA 0 0 NA 0 0 0 0 0 NA 0 NA 0 0 0
"NLRP7" "ENSG00000167634" "NLRP7" 1 0 0 0 0 0 0 0 0 0 0 0 0 5 0 0 0 0 0 0 0 0 0 0 0 0 0 0 0 0 0 0 0 0 0 0 1 1 1 1 0 1 0 0 3 0 0 0 0 0 0 0 0 0 NA 0 NA 0 NA 0 NA 0 0 0 0 0 0 0 0 0 0 0 0 0 0 0 0 NA 0 NA 0 0 6 0 7 12 3 4 0 0 0 3 3 7 18 10 6 12 7 14 14 8 18 12 15 11 13 12
"NRCAM" "ENSG00000091129" "NRCAM" 2 NA 0 0 1 0 0 1 1 0 1 1 0 4 3 1 1 0 0 0 0 0 1 2 2 3 0 0 3 43 8 0 5 1 3 4 3 3 8 34 19 11 0 33 0 NA NA NA NA NA NA NA NA 0 0 0 0 0 0 0 0 0 NA 0 NA 0 0 0 0 0 0 0 0 0 0 NA 0 0 1 0 0 0 NA 0 0 0 0 0 0 0 0 0 0 0 NA 0 0 0 0 0 0 0 0 0 0 0 0 0
"NUPR1" "ENSG00000176046" "NUPR1" 0 0 0 0 0 0 0 0 0 0 0 0 0 0 0 0 8 0 0 0 0 0 0 0 0 0 0 0 0 0 0 24 0 0 0 0 0 0 0 0 0 0 1 0 3 0 NA 0 NA 0 0 0 0 92 1356 97 441 6 2 18 4 0 0 0 NA 0 0 0 0 0 0 0 0 0 0 NA 0 15 16 17 4 5 0 0 7 6 0 0 0 0 0 0 0 0 0 0 0 0 0 0 0 0 0 0 0 0 0 0
"OLFML3" "ENSG00000116774" "OLFML3" 0 NA 0 0 0 0 0 0 0 0 0 0 0 0 0 0 8 0 0 0 0 0 0 0 0 0 0 0 0 0 0 0 0 0 0 0 0 0 0 0 0 0 4 0 0 NA NA NA NA NA NA NA NA 1 0 0 0 18 20 1 27 0 NA 0 NA 0 0 0 0 0 0 0 0 0 1 NA 1 16 491 34 25 1 NA 0 0 0 0 0 0 0 0 0 0 0 NA 0 1 0 0 0 0 0 0 0 0 0 0 0
"OSR2" "ENSG00000164920" "OSR2" 0 0 0 0 0 0 0 0 0 0 1 0 1 0 0 0 2 0 0 0 0 0 0 0 0 0 0 0 0 0 0 1 0 1 1 0 1 0 0 0 0 0 1 0 5 0 0 0 0 0 0 0 0 0 NA 0 NA 0 NA 0 NA 3 0 3 0 5 5 5 4 7 4 6 8 6 1 0 1 NA 0 NA 0 0 0 0 0 0 0 0 0 0 0 0 0 0 0 1 0 1 0 1 0 1 0 0 0 0 1 0
"P2RX7" "ENSG00000089041" "P2RX7" 4 NA 7 7 6 4 6 7 6 8 9 8 0 3 4 11 6 7 11 11 12 13 9 11 8 16 4 14 3 5 11 2 7 12 8 11 12 17 12 8 18 8 7 2 32 NA NA NA NA NA NA NA NA 222 36 129 54 7 5 9 1 19 NA 53 NA 38 56 60 72 86 69 60 50 74 32 NA 29 13 108 15 114 41 NA 6 0 0 2 0 0 2 0 0 2 12 NA 18 67 24 25 18 24 22 14 16 12 23 23 8
"PAX5" "ENSG00000196092" "PAX5" 439 1103 968 968 968 1034 1207 910 1356 910 775 815 515 2664 0 0 0 2 0 0 0 0 0 2 0 0 0 0 0 0 2 0 6 2 0 0 0 0 0 2 2 1 1 0 0 0 NA 0 NA 0 0 0 0 0 NA 0 NA 0 NA 0 NA 0 0 0 NA 1 0 0 0 0 0 1 0 0 0 NA 0 NA 0 NA 1 1 1 0 3 4 0 0 3 4 0 4 0 0 0 0 0 0 0 0 0 0 0 0 0 0 0 0
"PCDH1" "ENSG00000156453" "PCDH1" 0 0 0 0 0 0 0 0 0 0 0 0 0 0 1 0 0 0 0 1 0 0 0 0 0 0 0 0 1 0 1 2 0 1 4 4 3 3 3 1 1 2 0 5 0 0 NA 0 NA 0 0 0 0 0 0 0 0 0 0 0 0 0 0 0 NA 0 0 0 0 0 0 0 0 0 0 NA 0 0 0 0 0 0 0 0 0 0 0 0 0 0 0 0 0 66 30 15 16 36 31 35 22 17 20 28 74 28 30 32
"PCDH9" "ENSG00000184226" "PCDH9" 136 164 70 76 77 60 58 73 55 40 52 43 979 220 0 1 0 0 0 0 0 0 0 0 0 0 0 0 1 0 0 1 0 0 0 0 0 0 0 0 0 1 0 1 0 0 3 0 7 0 0 0 1 0 0 0 0 0 0 0 0 0 0 0 0 0 0 0 0 0 0 0 0 0 0 0 1 0 0 0 14 0 0 0 0 3 0 0 0 0 0 0 0 2 5 2 0 1 1 1 1 1 0 1 1 1 1 1
"PGLYRP1" "ENSG00000008438" "PGLYRP1" 0 0 0 7 0 0 0 0 0 0 0 0 0 0 1 0 0 2 0 0 0 0 0 0 0 0 0 0 0 0 0 0 31 0 0 0 0 0 0 0 0 2 0 0 0 0 0 0 0 0 0 0 0 0 NA 0 NA 0 NA 0 NA 0 0 0 0 23 0 0 0 0 0 0 0 0 2 0 2 NA 0 NA 0 0 55 98 100 119 69 53 82 95 95 102 96 0 0 0 0 0 0 0 0 0 0 1 0 0 0 0
"PIANP" "ENSG00000139200" "PIANP" 0 NA 0 1 2 0 2 0 0 1 1 0 10 0 10 2 35 2 2 4 3 4 3 4 3 3 2 6 5 4 0 0 0 0 2 2 1 0 3 0 2 0 0 2 6 NA 0 NA 0 NA NA NA NA NA NA NA NA NA NA NA NA 0 NA 0 0 0 0 0 0 0 0 0 0 0 0 0 0 NA 0 NA 0 0 NA 0 0 2 6 3 5 6 3 3 2 0 NA 0 0 0 0 0 0 0 0 0 0 0 0 0
"PKIB" "ENSG00000135549" "PKIB" 0 NA 0 0 0 0 0 0 0 0 0 0 0 0 0 0 2 0 0 0 0 0 0 0 0 0 0 3 0 0 0 0 0 0 0 0 0 0 0 0 0 0 0 0 0 NA NA NA NA NA NA NA NA 1 0 1 0 24 35 27 152 1 NA 0 NA 0 1 0 0 1 0 1 0 0 0 NA 0 25 38 58 19 14 NA 0 0 0 0 0 0 0 0 0 0 0 NA 0 0 0 0 0 0 0 0 1 0 0 0 0
"PKMYT1" "ENSG00000127564" "PKMYT1" 0 NA 0 0 0 0 0 0 0 1 0 0 0 0 0 0 0 6 3 0 0 2 0 3 2 1 0 30 0 0 0 0 2 3 0 0 0 0 2 2 0 0 0 0 30 NA NA NA NA NA NA NA NA 0 1 0 0 0 2 0 25 0 NA 0 NA 0 0 0 0 0 0 0 0 0 2 NA 0 12 0 26 25 19 NA 0 2 5 6 3 5 2 3 6 2 0 NA 0 0 2 2 2 6 0 0 2 0 0 2 2
"PLEKHG7" "ENSG00000187510" "PLEKHG7" 2 21 9 1 3 6 8 3 5 7 8 7 1 7 2 0 1 0 0 0 0 0 0 0 0 0 1 0 0 1 0 0 0 0 0 0 0 0 0 0 0 1 0 0 0 0 NA 0 NA 0 0 0 0 0 NA 0 NA 0 NA 0 NA 0 0 0 NA 0 0 0 0 0 0 0 0 0 0 NA 1 NA 0 NA 0 0 0 0 0 0 0 0 0 0 0 0 0 1 0 0 0 0 0 0 0 0 1 0 1 0 0 0
"PROCR" "ENSG00000101000" "PROCR" 0 NA 0 0 0 0 0 0 0 0 0 0 0 0 0 0 3 0 0 0 0 0 1 0 0 0 0 5 0 0 2 0 0 1 4 4 1 5 2 2 2 0 0 0 2 NA 6 NA 3 NA NA NA NA 2 67 1 19 7 38 1 3 1 NA 1 1 0 0 1 0 1 2 1 2 1 0 1 0 52 12 21 6 27 NA 0 0 0 0 0 0 0 0 0 0 1 NA 0 3 4 6 4 6 5 1 3 1 4 4 2
"PROSER2" "ENSG00000148426" "PROSER2" 1 0 0 0 0 0 0 0 0 0 0 0 0 0 2 2 NA 1 0 1 1 1 1 1 1 1 2 NA 0 1 1 NA 0 0 0 0 1 1 1 0 0 1 NA 0 NA 1 6 1 3 1 1 2 1 NA 0 NA 0 NA 0 NA 0 4 4 10 17 8 6 5 6 8 6 8 5 10 5 13 6 0 NA 0 NA NA 0 0 0 0 0 0 0 0 0 0 0 0 0 1 NA 0 0 1 0 0 1 1 0 0 0 1
"PRSS57" "ENSG00000185198" "PRSS57" 0 0 0 0 0 0 0 0 0 0 0 0 0 0 0 0 1 0 0 0 0 0 0 0 0 0 0 1 0 0 0 0 0 0 0 0 0 0 0 0 0 0 1 0 1 0 NA 0 NA 0 0 0 0 NA NA NA NA NA NA NA NA 0 0 2 NA 1 1 1 0 1 1 0 0 0 0 NA 0 NA 1 NA 2 1 0 0 0 0 0 0 0 0 0 0 0 3 5 5 9 8 10 7 7 13 0 12 1 6 22 10
"PTGDR2" "ENSG00000183134" "PTGDR2" 0 0 0 0 0 0 0 0 0 0 0 0 0 0 1 1 6 1 0 1 1 1 0 1 2 0 7 1 2 2 1 0 1 1 1 1 2 1 1 0 1 13 1 2 1 73 10 38 3 38 70 72 39 NA NA NA NA NA NA NA NA 0 1 2 1 0 0 3 3 1 1 0 1 0 1 0 1 NA 0 NA 2 1 12 0 0 0 0 0 8 0 0 0 0 0 0 8 1 3 0 8 4 4 0 4 0 0 1 5
"PTX3" "ENSG00000163661" "PTX3" 0 0 1 0 0 0 0 0 0 0 0 0 0 0 0 0 0 0 0 0 0 0 0 0 0 0 0 0 0 0 0 0 2 0 0 0 0 0 0 1 0 0 0 0 0 2 1 5 1 2 2 4 5 0 0 1 2 1 14 1 23 17 9 53 17 20 27 35 41 99 86 55 44 66 13 14 14 2 1 6 11 0 3 10 0 3 3 4 3 3 3 3 3 0 0 1 0 0 0 1 0 0 0 0 0 0 0 0
"RAB42" "ENSG00000188060" "RAB42" 7 0 0 0 0 0 0 0 0 0 0 0 1 1 0 0 25 0 0 0 0 0 0 0 0 0 1 6 0 1 0 10 0 0 0 0 0 0 0 0 0 1 2 0 8 0 NA 0 NA 0 0 0 0 2 1 2 1 4 10 0 13 0 0 0 NA 1 1 0 0 0 1 0 0 0 1 NA 0 20 20 19 13 36 4 0 0 4 3 5 3 4 0 4 3 1 0 0 5 0 0 0 0 0 1 0 1 0 0 0
"RAP1GAP" "ENSG00000076864" "RAP1GAP" 0 NA 0 0 0 0 0 0 0 0 0 0 0 0 1 0 3 0 0 0 0 0 0 0 0 0 0 0 0 0 0 0 0 0 0 0 0 0 0 0 0 0 0 0 0 NA 0 NA 0 NA NA NA NA 2 0 0 0 11 0 2 0 0 NA 0 1 0 0 0 0 0 0 0 0 0 0 0 0 0 0 0 0 0 NA 9 12 13 11 2 7 5 8 12 10 0 NA 0 0 0 0 0 0 0 0 0 0 0 0 0
"RBPMS2" "ENSG00000166831" "RBPMS2" 0 0 1 0 1 1 0 0 0 0 0 1 0 5 0 0 0 0 0 0 0 0 0 0 0 0 0 0 0 0 0 0 0 0 0 0 0 0 0 0 0 0 0 0 0 0 0 0 0 0 0 0 0 0 0 0 0 0 0 0 0 0 0 0 0 0 0 0 0 0 0 0 0 0 0 0 0 0 4 0 0 0 0 0 0 0 0 0 0 0 0 0 0 6 8 3 5 8 7 7 3 2 6 1 20 6 9 6
"RCAN2" "ENSG00000172348" "RCAN2" 0 NA 0 0 0 0 0 0 0 0 0 0 0 0 0 0 1 0 1 1 1 0 0 0 0 0 0 31 0 1 1 1 0 5 3 5 2 3 3 0 0 1 5 1 6 NA NA NA NA NA NA NA NA 0 0 0 0 0 0 0 0 0 NA 0 NA 0 0 0 0 0 0 0 0 0 0 NA 0 0 0 0 0 0 NA 0 0 0 0 0 0 0 0 0 0 0 NA 0 0 0 0 0 0 1 0 0 0 0 0 0
"REG4" "ENSG00000134193" "REG4" 0 NA 0 0 0 0 0 0 0 0 0 0 0 0 2 0 0 1 0 0 0 1 1 0 1 2 1 0 0 13 6 1 6 4 2 4 7 3 5 14 17 17 0 13 0 NA NA NA NA NA NA NA NA 0 NA 0 NA 0 NA 0 NA 0 NA 0 NA 0 0 0 0 0 0 0 0 0 0 NA 0 NA 0 NA 0 0 NA 0 0 0 0 0 0 0 0 0 0 0 NA 0 0 0 0 0 0 0 0 0 0 0 0 0
"RHOBTB3" "ENSG00000164292" "RHOBTB3" 1 2 3 3 2 2 1 2 2 6 2 2 2 2 3 1 0 2 1 2 2 1 1 2 3 3 1 1 2 2 1 1 0 2 3 4 2 2 2 1 1 1 0 0 0 0 6 2 11 1 0 2 2 1 4 3 2 1 8 2 3 5 1 0 4 13 7 2 2 1 1 2 1 1 3 4 2 4 24 4 3 2 10 0 2 3 3 7 6 3 3 3 3 64 68 47 5 66 42 54 59 26 51 53 52 36 58 58
"RN7SKP16" "ENSG00000222112" "RN7SKP16" NA 0 0 0 0 0 0 0 0 0 0 0 NA NA NA 0 NA 0 0 0 0 0 0 0 0 0 NA NA NA NA 0 NA 0 0 0 0 0 0 0 0 0 NA NA NA NA 1 0 0 0 0 1 1 0 NA NA NA NA NA NA NA NA NA 1 0 1 0 0 0 0 0 0 0 0 0 NA 1 NA NA NA NA NA NA 22 9 12 13 7 8 8 7 7 9 10 NA 0 0 NA 0 0 0 0 0 NA 0 NA 0 0 0
"RNF165" "ENSG00000141622" "RNF165" 0 NA 0 0 0 0 0 0 0 0 0 0 0 0 0 0 1 0 0 1 1 0 1 0 0 1 0 0 0 0 6 1 0 1 5 5 4 4 3 2 1 0 1 0 3 NA 0 NA 0 NA NA NA NA 0 NA 0 NA 0 NA 0 NA 1 NA 0 0 0 0 0 0 0 0 0 0 0 1 1 1 NA 0 NA 0 0 NA 0 0 0 0 0 0 0 0 0 0 68 NA 72 50 64 51 60 70 27 94 50 93 64 69 66
"ROBO1" "ENSG00000169855" "ROBO1" 1 NA 2 0 2 1 1 1 1 1 1 1 1 1 0 0 0 0 0 0 0 0 0 0 0 0 0 0 0 7 10 0 2 2 5 3 2 1 1 6 13 4 0 25 0 NA NA NA NA NA NA NA NA 0 1 0 0 0 0 0 0 1 NA 1 NA 0 2 2 1 0 0 0 0 1 0 NA 0 0 4 0 2 0 NA 0 0 0 0 0 0 0 0 0 0 0 NA 1 0 0 0 0 0 0 1 0 0 0 0 1
"RTKN" "ENSG00000114993" "RTKN" 0 NA 3 2 5 3 1 2 2 2 3 3 7 2 0 0 2 0 0 0 0 0 0 1 0 0 0 0 0 0 0 1 0 0 0 0 0 0 0 0 0 2 0 1 0 NA NA NA NA NA NA NA NA 0 0 0 2 3 0 1 0 1 NA 0 NA 0 0 0 0 0 0 0 0 0 0 NA 0 0 4 0 0 0 NA 0 0 0 0 0 0 0 0 0 0 9 NA 11 13 10 8 16 16 6 24 11 5 12 9 8
"RTKN2" "ENSG00000182010" "RTKN2" 0 0 0 0 0 1 1 0 0 0 1 0 2 0 21 28 47 26 42 49 50 36 29 29 28 28 36 76 42 2 9 0 4 2 2 2 5 3 3 2 3 5 1 7 3 0 0 0 0 0 0 0 0 0 0 0 0 0 0 0 0 0 0 0 0 0 0 0 0 0 0 0 0 0 1 0 0 0 0 0 0 0 0 0 0 0 0 0 0 3 0 0 0 0 0 2 3 0 0 1 1 0 0 1 0 0 1 1
"RXFP2" "ENSG00000133105" "RXFP2" 0 NA 0 0 0 0 0 0 0 0 0 0 0 0 0 0 0 0 0 0 0 0 0 0 0 0 0 0 0 0 0 0 0 0 0 0 0 0 0 0 0 0 0 0 0 NA 0 NA 0 NA NA NA NA 0 NA 0 NA 0 NA 0 NA 12 NA 3 2 2 9 3 2 7 3 7 5 6 32 2 23 NA 0 NA 0 0 NA 0 0 0 0 0 0 0 0 0 0 0 NA 0 0 0 0 0 0 0 0 0 0 0 0 0
"S1PR3" "ENSG00000213694" "S1PR3" 0 0 0 0 0 0 0 2 0 0 0 0 0 1 0 0 4 0 0 0 0 0 0 0 0 0 0 0 0 0 0 0 1 0 0 0 0 0 0 0 0 0 0 0 0 1 1 1 0 1 0 0 1 11 0 13 0 2 0 2 0 33 44 78 57 14 18 84 60 64 57 56 51 55 47 43 93 0 16 0 22 9 2 12 3 8 0 1 3 4 1 4 4 0 0 0 1 0 0 0 0 0 0 0 0 0 0 0
"SARDH" "ENSG00000123453" "SARDH" 0 NA 0 0 0 0 0 0 0 0 0 0 0 0 3 23 21 6 9 7 6 17 12 14 20 20 3 18 8 6 7 14 1 3 2 2 6 3 3 4 7 2 2 4 0 NA 0 NA 0 NA NA NA NA 1 0 1 0 0 1 0 0 0 NA 0 0 0 0 0 0 0 0 0 0 0 0 0 0 0 0 0 0 0 NA 0 0 0 0 0 0 0 0 0 0 0 NA 8 28 7 9 2 5 1 2 0 1 7 5 3
"SCN3A" "ENSG00000153253" "SCN3A" 94 31 32 58 82 88 79 95 72 53 70 51 64 46 0 0 0 0 0 0 0 0 0 0 0 0 0 0 0 0 0 0 0 0 0 0 0 0 0 0 0 0 0 0 0 0 6 0 6 0 0 0 0 0 NA 0 NA 0 NA 0 NA 0 0 0 0 0 0 0 0 0 0 0 0 0 0 0 0 NA 1 NA 0 0 0 0 0 0 0 0 0 0 0 0 0 0 0 0 0 0 0 0 0 0 0 0 0 0 0 0
"SCN4A" "ENSG00000007314" "SCN4A" 28 7 8 2 6 8 7 10 5 7 9 6 77 0 0 0 0 0 0 0 0 0 0 0 0 0 1 0 0 1 0 0 0 0 0 0 0 0 0 0 0 0 0 0 0 0 1 0 1 0 0 0 0 0 NA 0 NA 0 NA 0 NA 0 0 0 0 0 0 0 0 0 0 0 0 0 0 0 0 NA 0 NA 0 0 0 0 0 0 0 0 0 0 0 0 0 1 0 0 0 0 0 2 0 0 2 0 0 0 0 0
"SDS" "ENSG00000135094" "SDS" 0 NA 0 0 0 1 0 0 0 0 0 0 0 0 0 0 6 0 0 0 0 0 0 0 0 0 0 28 0 0 0 2 0 1 0 1 1 1 0 0 0 0 0 0 1 NA 17 NA 12 NA NA NA NA 0 NA 1 NA 1 NA 0 NA 0 NA 3 6 3 1 3 1 1 3 3 1 1 0 1 0 NA 126 NA 56 180 NA 0 0 0 2 0 0 0 0 0 2 0 NA 0 0 0 0 0 0 0 0 0 0 1 0 0
"SDSL" "ENSG00000139410" "SDSL" 0 NA 0 0 0 0 0 0 0 0 0 0 0 0 0 0 0 0 0 0 0 0 0 0 0 0 0 1 0 0 0 3 0 0 0 0 0 0 0 0 0 0 0 0 0 NA 3 NA 5 NA NA NA NA 7 53 9 43 4 7 2 7 1 NA 8 7 2 3 6 7 5 7 5 4 4 2 7 3 18 30 14 18 39 NA 0 0 0 0 0 0 0 0 0 0 0 NA 0 0 0 0 0 0 0 1 0 0 0 1 0
"SEMA3G" "ENSG00000010319" "SEMA3G" 0 0 0 0 0 0 0 0 0 0 0 0 3 0 12 5 0 3 12 2 3 6 2 5 0 0 27 0 2 0 0 0 0 0 0 0 0 0 0 0 0 0 12 1 0 0 0 0 0 0 0 0 0 1 NA 0 NA 1 NA 1 NA 0 0 0 0 0 0 0 0 0 0 0 0 0 0 0 0 NA 0 NA 0 0 0 0 0 0 0 0 0 0 0 0 0 0 0 0 0 0 0 0 0 0 0 0 1 0 0 0
"SEMA5A" "ENSG00000112902" "SEMA5A" 0 NA 0 0 0 0 0 0 0 0 0 0 0 0 5 3 2 1 0 5 3 5 6 8 1 2 4 0 10 0 1 1 0 0 1 1 2 2 1 0 0 1 0 0 0 NA NA NA NA NA NA NA NA 0 0 0 0 0 0 0 0 0 NA 0 NA 0 0 0 0 0 0 0 0 0 0 NA 0 0 0 0 0 0 NA 0 0 0 0 0 0 0 0 0 0 0 NA 0 0 0 0 0 0 0 0 0 0 0 0 0
"SFRP5" "ENSG00000120057" "SFRP5" 0 NA 0 0 0 0 0 0 0 0 0 0 0 0 2 0 0 0 0 0 0 0 0 0 0 0 0 0 0 3 2 0 10 4 8 5 2 6 4 8 12 11 0 6 0 NA NA NA NA NA NA NA NA 0 NA 0 NA 0 NA 0 NA 0 NA 0 NA 0 0 0 0 0 0 0 0 0 0 NA 0 NA 0 NA 0 0 NA 0 0 0 0 0 0 0 0 0 0 0 NA 0 0 0 0 0 0 0 0 0 0 0 0 0
"SH2D1B" "ENSG00000198574" "SH2D1B" 0 0 0 0 0 0 0 0 0 0 0 0 0 0 0 0 0 0 0 0 0 0 0 0 0 0 0 0 0 3 1 0 2 3 4 3 1 0 3 2 1 1 1 0 34 165 NA 164 NA 166 161 168 166 0 NA 0 NA 0 NA 0 NA 0 1 2 NA 1 3 3 3 0 2 1 3 0 0 NA 0 NA 2 NA 1 0 4 6 0 0 4 5 0 8 0 4 0 474 1113 232 1641 270 300 305 283 318 593 305 349 293 347 318
"SH3BGRL2" "ENSG00000198478" "SH3BGRL2" 0 0 0 0 0 0 0 0 0 0 0 0 0 0 1 2 0 1 1 1 0 1 0 2 1 1 1 0 1 2 7 14 7 3 2 2 5 2 9 8 8 5 4 18 1 0 NA 0 NA 0 1 0 0 0 0 0 0 0 0 0 0 0 0 0 NA 0 0 0 0 0 0 0 0 0 1 NA 0 0 0 0 0 0 0 0 0 0 0 0 0 0 0 0 0 0 0 0 0 0 0 0 0 0 1 0 0 0 0 0
"SIRPB3P" "ENSG00000223750" "SIRPB3P" NA 0 0 0 0 0 0 0 0 0 0 0 NA NA NA 1 NA 0 0 0 0 0 0 0 0 0 NA NA NA NA 0 NA 1 0 0 0 0 0 0 0 0 NA NA NA NA 0 0 0 0 0 0 0 0 NA NA NA NA NA NA NA NA NA 0 0 0 0 0 0 0 0 0 0 0 0 NA 0 NA NA NA NA NA NA 76 10 8 11 12 14 8 7 16 15 10 NA 0 0 NA 0 0 0 0 0 NA 0 NA 0 0 0
"SLC1A3" "ENSG00000079215" "SLC1A3" 0 NA 0 0 0 0 0 0 0 0 0 0 1 1 0 0 7 0 0 0 0 0 0 0 0 0 0 0 0 0 0 0 1 0 0 0 0 0 0 0 0 0 0 0 1 NA NA NA NA NA NA NA NA 58 153 21 122 3 38 3 17 8 NA 3 NA 22 8 3 5 2 5 2 2 4 4 NA 1 82 277 48 110 27 NA 0 45 16 0 0 0 0 0 0 0 0 NA 0 0 0 0 0 0 0 0 0 0 0 0 0
"SLC22A1" "ENSG00000175003" "SLC22A1" 0 0 0 0 0 0 0 0 0 0 0 0 0 0 0 0 0 0 0 0 0 0 0 0 0 0 0 0 0 0 0 0 0 0 0 0 0 0 1 0 0 1 0 0 0 0 NA 0 NA 0 0 0 0 0 0 0 0 0 0 0 0 0 1 0 NA 1 1 0 0 1 1 1 0 1 0 NA 0 0 0 0 0 0 97 30 6 22 34 30 41 27 32 25 26 0 4 1 0 1 1 1 2 1 1 1 0 1 2 1
"SLC22A16" "ENSG00000004809" "SLC22A16" 0 0 0 0 0 0 0 0 0 0 0 0 0 0 0 0 0 0 0 0 0 0 0 0 0 0 0 0 0 0 0 0 0 0 0 0 0 0 0 0 0 0 0 0 0 0 0 0 0 0 0 0 0 0 NA 0 NA 1 NA 1 NA 6 8 3 6 4 4 7 6 7 1 3 14 3 4 7 1 NA 0 NA 0 4 0 0 0 0 0 0 0 0 0 0 0 0 0 0 0 0 0 0 0 0 0 0 0 0 0 0
"SLC4A10" "ENSG00000144290" "SLC4A10" 0 0 0 0 0 0 0 0 0 0 0 0 0 0 3 2 25 2 2 4 4 2 9 2 2 2 2 4 4 56 52 1 9 2 117 128 48 86 70 28 14 7 0 28 10 0 0 0 0 0 0 0 0 0 NA 0 NA 0 NA 0 NA 0 0 0 0 0 0 0 0 0 0 0 0 0 0 0 0 NA 0 NA 0 0 0 0 0 0 0 0 0 0 0 0 0 10 2 5 1 2 1 3 2 0 8 6 2 6 1 4
"SLC9A7P1" "ENSG00000227825" "SLC9A7P1" 0 3 0 0 0 0 0 0 0 0 0 0 0 4 0 0 NA 0 0 0 0 0 0 0 0 0 0 NA 0 0 0 NA 0 0 0 0 0 0 0 0 0 0 NA 0 NA 24 4 24 3 23 23 23 24 NA NA NA NA NA NA NA NA 52 46 20 17 17 30 19 17 27 22 29 34 25 60 16 86 NA NA NA NA NA 0 3 1 1 1 1 1 1 1 1 1 0 0 0 NA 0 0 2 0 0 2 0 0 0 0 0
"SOAT2" "ENSG00000167780" "SOAT2" 0 0 0 0 0 0 0 0 0 0 0 0 0 0 0 5 0 3 1 4 3 3 4 4 0 1 0 0 0 0 8 0 8 8 8 6 8 8 8 3 3 1 0 1 1 0 0 0 0 0 0 0 0 0 NA 0 NA 0 NA 0 NA 0 0 0 0 0 0 0 0 0 0 0 0 0 0 0 0 NA 0 NA 0 0 0 0 0 0 0 0 0 0 0 0 0 0 0 0 0 0 0 0 0 0 0 0 0 0 0 0
"SPOCK1" "ENSG00000152377" "SPOCK1" 0 0 0 0 0 0 0 0 0 0 0 0 0 0 0 0 0 0 0 0 0 0 0 0 0 0 0 0 0 0 0 1 0 0 0 0 0 0 0 0 0 0 1 0 0 2 0 1 1 1 1 1 1 0 0 0 0 0 0 0 0 8 8 5 9 3 8 7 4 6 6 6 8 8 13 13 15 0 0 0 0 0 0 0 0 0 0 0 0 0 0 0 0 0 0 0 0 0 0 0 0 0 0 0 0 0 0 0
"ST6GALNAC1" "ENSG00000070526" "ST6GALNAC1" 0 NA 0 0 0 0 0 0 0 0 0 0 0 0 3 13 14 10 7 31 30 12 12 11 12 18 3 0 6 0 0 0 1 0 0 1 0 0 0 0 0 0 0 0 0 NA NA NA NA NA NA NA NA 0 NA 0 NA 0 NA 0 NA 0 NA 0 NA 0 0 0 0 0 0 0 0 0 0 NA 0 NA 0 NA 0 0 NA 0 0 2 0 0 0 0 0 2 0 0 NA 0 0 0 0 0 0 0 0 0 0 0 0 0
"STAB1" "ENSG00000010327" "STAB1" 0 0 3 15 3 2 0 2 0 1 0 3 0 0 0 0 10 0 0 0 0 0 0 0 0 0 0 22 0 0 0 0 3 0 0 0 0 0 0 0 2 0 0 0 17 26 66 14 67 48 14 48 26 8 80 16 37 441 196 297 304 146 473 424 643 2717 2269 424 333 659 402 504 377 525 176 703 181 299 122 307 86 190 2 50 2 0 0 2 0 0 0 0 0 0 26 2 0 1 0 1 0 0 0 0 0 0 0 0
"STAP1" "ENSG00000035720" "STAP1" 347 243 102 144 128 113 161 136 96 121 121 125 202 183 8 3 1 2 0 3 3 4 2 2 2 5 7 3 9 1 0 0 0 0 0 0 0 0 0 0 1 1 2 2 0 1 15 1 21 1 1 1 1 0 NA 0 NA 1 NA 1 NA 0 1 0 1 0 0 0 0 0 0 0 0 0 0 0 0 NA 0 NA 0 0 3 0 0 0 0 0 0 0 0 0 0 14 14 5 5 2 3 4 7 0 6 2 8 7 3 2
"STK32B" "ENSG00000152953" "STK32B" 0 0 1 0 0 1 1 0 0 1 1 0 3 1 0 0 0 0 0 0 0 0 0 0 0 0 0 0 0 0 0 0 0 0 0 0 0 0 0 0 0 0 0 0 0 0 0 0 1 0 0 0 0 1 0 1 0 0 0 0 1 2 2 4 8 5 7 5 4 5 6 2 5 8 5 8 6 1 0 3 0 0 0 2 0 0 0 0 0 0 0 0 0 0 0 0 0 0 0 0 0 0 0 0 0 0 0 0
"TAS2R40" "ENSG00000221937" "TAS2R40" 0 0 0 0 0 0 0 0 0 0 0 0 0 0 0 0 0 0 0 0 0 0 0 0 0 0 0 0 0 0 0 0 1 0 0 0 0 0 0 0 0 0 0 0 0 0 0 0 0 0 0 0 0 0 NA 1 NA 0 NA 0 NA 0 1 0 0 4 0 0 0 0 0 0 0 0 0 0 1 NA 0 NA 0 0 52 17 23 26 17 15 19 14 16 11 13 0 0 0 0 0 0 0 0 0 0 0 0 0 0 0
"TCL6" "ENSG00000187621" "TCL6" 19 86 70 131 171 88 102 115 59 49 97 84 62 21 0 0 NA 3 1 3 3 1 1 1 0 1 0 NA 0 0 0 NA 1 1 2 1 0 0 0 0 0 0 NA 0 NA 0 NA 0 NA 0 0 0 0 0 NA 0 NA 0 NA 0 NA 0 0 0 NA 1 0 0 0 0 0 0 0 0 0 NA 0 NA NA NA NA NA 0 0 0 0 3 4 0 4 0 0 0 0 0 0 NA 0 0 0 0 0 0 0 0 0 0 0
"TDRD6" "ENSG00000180113" "TDRD6" 0 0 0 0 0 0 0 0 0 0 0 0 0 0 0 0 0 0 0 0 0 0 0 0 0 0 0 0 0 0 0 0 1 0 0 0 0 0 0 0 0 0 0 0 0 1 0 1 0 2 0 1 1 6 NA 3 NA 6 NA 3 NA 6 20 10 6 1 2 9 10 7 10 6 14 5 11 6 15 NA 0 NA 0 9 0 0 0 0 0 0 0 0 0 0 0 0 0 0 0 0 0 0 0 0 0 0 0 0 0 0
"THEMIS" "ENSG00000172673" "THEMIS" 0 NA 0 0 0 0 0 0 0 0 0 0 0 0 122 112 106 92 94 136 122 90 156 99 82 108 136 62 196 313 161 156 108 261 217 242 188 134 209 239 225 272 333 702 815 NA NA NA NA NA NA NA NA 2 NA 0 NA 0 NA 0 NA 0 NA 0 NA 0 0 0 0 0 0 0 0 0 0 NA 0 NA 0 NA 0 1 NA 0 0 0 0 0 0 0 0 0 0 1 NA 1 0 1 2 0 1 5 1 1 2 0 1 1
"TMEM132D" "ENSG00000151952" "TMEM132D" 0 0 0 0 0 0 0 0 0 0 0 0 0 0 0 0 0 0 0 0 0 0 0 0 0 0 0 0 0 0 0 0 0 0 0 0 0 0 0 0 0 0 0 0 0 0 0 0 0 0 0 0 0 0 NA 0 NA 0 NA 0 NA 0 0 1 5 1 0 1 1 1 1 0 1 0 0 2 0 NA 0 NA 0 0 10 10 9 14 15 21 13 11 18 14 9 0 0 0 0 0 0 0 0 0 0 0 0 0 0 0
"TMEM37" "ENSG00000171227" "TMEM37" 0 NA 0 0 0 0 0 0 0 0 0 0 0 0 0 1 0 0 0 0 0 0 0 0 0 0 0 0 0 0 0 20 0 0 0 0 0 0 0 0 0 0 0 0 0 NA NA NA NA NA NA NA NA 0 0 2 0 20 3 13 15 0 NA 0 NA 6 4 0 0 0 0 0 0 0 0 NA 0 51 4 47 1 9 NA 0 0 0 0 0 0 0 0 0 0 0 NA 0 1 0 0 0 0 0 0 0 0 0 0 0
"TMEM52B" "ENSG00000165685" "TMEM52B" 0 0 0 0 0 0 0 0 0 0 0 0 0 0 0 0 1 0 0 0 0 0 0 0 0 0 0 0 0 0 0 0 0 0 0 0 0 0 0 0 0 0 0 0 0 0 2 0 1 0 0 0 0 NA NA NA NA NA NA NA NA 0 0 6 2 1 1 2 1 5 2 2 5 8 2 1 4 NA 31 NA 68 22 0 0 0 0 0 4 0 3 0 0 0 0 0 0 0 0 0 0 0 0 0 0 0 0 0 0
"TNFRSF13C" "ENSG00000159958" "TNFRSF13C" 80 128 185 139 180 201 175 216 115 155 132 130 78 130 2 4 0 2 8 3 3 3 2 3 2 1 2 0 1 0 8 3 2 6 6 4 8 2 7 1 3 19 0 1 0 0 NA 0 NA 0 0 0 0 0 NA 0 NA 0 NA 0 NA 0 0 0 NA 0 0 0 0 0 0 0 0 0 0 NA 0 NA 0 NA 0 0 0 0 0 0 0 0 0 0 0 0 0 0 0 0 0 0 0 0 0 0 0 0 0 0 0 0
"TNIP3" "ENSG00000050730" "TNIP3" 0 NA 0 0 0 0 0 0 0 0 0 0 0 0 1 0 2 0 1 1 1 1 1 1 1 1 1 35 1 2 2 60 0 7 3 4 1 2 2 1 2 3 250 5 30 NA NA NA NA NA NA NA NA 0 NA 1 NA 0 NA 0 NA 0 NA 0 NA 1 0 0 0 0 0 0 0 0 0 NA 0 NA 0 NA 0 1 NA 0 0 0 0 0 0 0 0 0 0 1 NA 0 1 0 0 0 0 0 0 0 0 0 1 0
"TREM2" "ENSG00000095970" "TREM2" 0 NA 0 0 0 0 0 0 0 0 0 0 1 0 0 0 9 0 0 0 0 0 0 0 0 0 0 52 0 0 0 10 0 0 0 0 0 0 0 0 0 0 0 0 7 NA NA NA NA NA NA NA NA 14 47 21 19 184 277 117 266 1 NA 0 NA 0 0 0 0 0 0 0 0 0 1 NA 4 257 253 122 132 100 NA 0 0 0 0 0 0 0 0 0 0 0 NA 0 0 0 0 0 0 0 0 0 0 0 0 0
"TRIM36" "ENSG00000152503" "TRIM36" 0 0 0 0 0 0 0 0 0 0 0 0 0 0 0 0 1 0 0 0 0 0 0 0 0 0 0 0 0 0 0 0 0 0 0 0 0 0 0 0 0 0 0 0 0 8 7 8 6 8 15 15 16 1 4 1 7 4 2 1 3 1 2 3 2 1 2 1 2 3 4 2 2 1 1 4 1 1 15 2 1 2 3 2 5 3 0 0 2 3 3 0 3 0 0 0 0 0 0 0 0 0 0 0 0 0 0 0
"TRIM9" "ENSG00000100505" "TRIM9" 0 NA 0 0 0 0 0 0 0 0 0 0 0 0 0 0 0 0 0 0 0 0 0 0 1 0 0 0 0 0 0 0 0 0 1 0 1 1 0 2 1 0 0 1 0 NA 0 NA 0 NA NA NA NA 6 NA 0 NA 0 NA 0 NA 0 NA 0 0 2 0 0 0 0 0 0 0 0 0 0 0 NA 0 NA 0 0 NA 18 28 24 14 8 7 14 19 8 16 0 NA 0 0 1 0 1 1 1 0 0 0 0 0 0
"TRPV4" "ENSG00000111199" "TRPV4" 0 NA 0 0 0 0 0 0 0 0 0 0 0 0 0 0 0 0 0 0 0 0 0 0 0 0 0 0 0 0 0 0 0 0 0 0 0 0 0 0 0 0 0 0 0 NA 0 NA 0 NA NA NA NA 1 0 2 0 0 11 0 7 10 NA 10 10 19 20 3 3 4 5 6 6 3 5 13 5 11 3 20 0 0 NA 0 0 0 0 0 0 0 0 0 0 0 NA 0 0 0 0 0 0 0 0 0 0 0 0 0
"TSHZ2" "ENSG00000182463" "TSHZ2" 4 4 2 2 1 2 2 1 2 2 1 3 0 2 50 33 0 58 60 26 30 46 42 57 36 40 38 0 76 1 2 2 2 2 1 1 2 3 2 5 2 0 7 0 0 0 0 0 0 0 0 0 0 0 NA 0 NA 0 NA 0 NA 0 0 0 0 0 0 0 0 0 0 0 0 0 0 0 0 NA 0 NA 0 0 0 0 0 0 0 0 0 0 0 0 0 0 0 0 0 0 0 0 0 0 0 0 0 0 0 0
"TSPAN13" "ENSG00000106537" "TSPAN13" 68 56 122 150 110 138 155 220 116 99 149 86 64 36 0 0 0 1 0 0 0 0 0 0 0 0 0 1 0 0 0 0 0 0 0 0 0 0 0 0 0 0 0 0 0 0 NA 0 NA 0 0 0 0 0 21 0 55 0 0 0 0 0 0 0 NA 0 0 0 0 0 0 0 0 0 0 NA 0 0 0 0 0 0 9 24 0 0 26 10 5 9 8 16 10 0 1 2 0 0 0 0 0 0 1 1 0 0 0 0
"TTC24" "ENSG00000187862" "TTC24" 2 21 10 18 28 30 32 28 10 27 17 11 16 1 3 2 1 3 3 4 4 5 1 5 5 3 4 1 1 9 23 14 26 26 26 27 25 16 28 28 28 18 19 7 3 0 NA 0 NA 0 0 0 1 0 NA 0 NA 0 NA 0 NA 2 0 0 NA 0 0 0 2 0 0 0 0 0 0 NA 0 NA 1 NA 2 1 0 0 0 0 0 0 0 0 0 0 0 1 2 5 14 6 5 2 4 3 0 7 1 2 2 7
"UBD" "ENSG00000206468" "UBD" 0 NA NA NA NA NA NA NA NA NA NA NA 0 0 0 NA 0 NA NA NA NA NA NA NA NA NA 0 0 0 0 NA 0 NA NA NA NA NA NA NA NA NA 0 0 0 0 NA NA NA NA NA NA NA NA 22 981 8 2134 5 5 0 11 0 NA NA NA NA NA NA NA NA NA NA NA NA 0 NA 0 3 0 29 0 0 NA NA NA NA NA NA NA NA NA NA NA 0 NA NA 0 NA NA NA NA NA 0 NA 0 NA NA NA
"VCAM1" "ENSG00000162692" "VCAM1" 0 0 0 0 0 0 0 0 0 0 0 0 0 0 0 0 209 0 0 0 0 0 0 0 0 0 0 0 0 0 2 4500 0 1 1 0 2 2 2 1 0 3 4500 2 58 0 NA 0 NA 0 0 0 0 1 4 0 6 2 0 0 1 0 0 0 NA 0 0 0 0 0 0 0 0 0 0 NA 1 0 20 1 0 0 0 0 0 0 0 0 0 0 0 0 0 0 0 0 0 0 0 0 0 0 0 0 0 0 0 0
"VPREB3" "ENSG00000128218" "VPREB3" 169 NA 45 62 60 48 75 57 82 47 66 39 174 102 0 0 0 0 0 0 0 0 0 1 0 0 0 0 0 0 0 0 0 0 0 0 0 0 0 0 0 1 0 0 0 NA NA NA NA NA NA NA NA 0 NA 0 NA 0 NA 0 NA 0 NA 0 NA 0 0 0 0 0 0 0 0 0 0 NA 0 NA 0 NA 0 0 NA 0 0 0 0 0 0 0 0 0 0 0 NA 0 0 0 0 0 0 0 2 0 1 0 0 0
"VSIG2" "ENSG00000019102" "VSIG2" 0 0 0 0 0 0 0 0 0 0 0 0 1 0 0 0 0 0 1 1 2 2 0 0 0 1 0 0 0 0 0 0 0 0 0 0 0 0 0 2 0 3 0 0 0 2 2 2 0 2 2 4 2 0 NA 0 NA 1 NA 0 NA 34 8 8 12 5 3 8 3 10 7 7 8 12 28 10 30 NA 0 NA 0 2 1 0 0 0 0 0 0 0 0 0 0 0 0 0 0 0 0 0 0 0 0 0 0 0 0 0
"WNT16" "ENSG00000002745" "WNT16" 1 14 4 5 7 5 6 6 10 5 3 3 2 3 0 0 0 0 0 0 0 0 0 0 0 0 0 0 0 0 0 0 0 0 0 0 0 0 0 0 0 0 0 0 1 0 1 0 3 0 0 0 0 0 NA 0 NA 0 NA 0 NA 0 0 0 0 0 0 0 0 0 0 0 0 0 0 0 0 NA 0 NA 0 0 0 0 0 0 0 0 0 0 0 0 0 0 0 0 1 0 0 0 0 0 0 0 0 0 0 0
"ZMAT4" "ENSG00000165061" "ZMAT4" 0 0 0 0 0 0 0 0 0 0 0 0 0 0 0 0 0 0 0 0 0 0 0 0 0 0 0 0 0 0 0 0 0 0 0 0 0 0 0 0 0 0 0 0 0 0 NA 0 NA 0 0 0 0 0 NA 0 NA 0 NA 0 NA 0 0 0 NA 0 0 0 0 0 0 0 0 0 0 NA 0 NA 0 NA 0 0 0 0 0 0 0 0 0 0 0 0 0 5 4 24 3 11 2 5 3 1 3 5 23 5 13 5
"ZNF683" "ENSG00000176083" "ZNF683" 0 0 0 0 0 0 0 0 0 0 0 0 0 0 0 1 1 1 2 12 10 1 8 1 1 0 0 4 0 15 38 22 6 79 70 60 12 70 17 18 13 3 54 35 173 0 NA 0 NA 0 0 0 0 0 NA 0 NA 0 NA 0 NA 0 0 0 NA 0 0 0 0 0 0 0 0 0 0 NA 0 NA 0 NA 1 0 0 0 0 0 0 0 0 0 0 0 0 1 37 9 142 14 52 11 10 104 1 20 26 25 30 72
"ZNF860" "ENSG00000197385" "ZNF860" 31 88 27 24 26 34 27 25 34 32 25 23 35 21 0 0 3 0 0 0 0 0 0 0 0 0 0 0 0 0 0 0 0 0 0 0 0 0 0 0 0 0 0 0 0 0 NA 0 NA 0 0 0 0 0 NA 0 NA 0 NA 0 NA 0 0 0 NA 0 0 0 0 0 0 0 0 0 0 NA 0 NA 0 NA 0 0 0 0 0 0 0 0 0 0 0 0 0 0 0 0 3 0 0 0 0 0 0 0 0 0 0 0
